3.500000000000000444e+00
3.497737113465100744e+00
3.495473937187892677e+00
3.493210471057161648e+00
3.490946714961511432e+00
3.488682668789474750e+00
3.486418332429511047e+00
3.484153705770010934e+00
3.481888788699291748e+00
3.479623581105597996e+00
3.477358082877106682e+00
3.475092293901917540e+00
3.472826214068063688e+00
3.470559843263505417e+00
3.468293181376124856e+00
3.466026228293740186e+00
3.463758983904095867e+00
3.461491448094859980e+00
3.459223620753629103e+00
3.456955501767935868e+00
3.454687091025228973e+00
3.452418388412890504e+00
3.450149393818231491e+00
3.447880107128488358e+00
3.445610528230820702e+00
3.443340657012326389e+00
3.441070493360021576e+00
3.438800037160847811e+00
3.436529288301684026e+00
3.434258246669326553e+00
3.431986912150502445e+00
3.429715284631869920e+00
3.427443364000005932e+00
3.425171150141416376e+00
3.422898642942540093e+00
3.420625842289732876e+00
3.418352748069287017e+00
3.416079360167417533e+00
3.413805678470262617e+00
3.411531702863889848e+00
3.409257433234290424e+00
3.406982869467383601e+00
3.404708011449023353e+00
3.402432859064974835e+00
3.400157412200939699e+00
3.397881670742540994e+00
3.395605634575327159e+00
3.393329303584771139e+00
3.391052677656285486e+00
3.388775756675192152e+00
3.386498540526744705e+00
3.384221029096123434e+00
3.381943222268430027e+00
3.379665119928699113e+00
3.377386721961876503e+00
3.375108028252856496e+00
3.372829038686440573e+00
3.370549753147356054e+00
3.368270171520264533e+00
3.365990293689748114e+00
3.363710119540306742e+00
3.361429648956382188e+00
3.359148881822328736e+00
3.356867818022426508e+00
3.354586457440881908e+00
3.352304799961825843e+00
3.350022845469311950e+00
3.347740593847330359e+00
3.345458044979778389e+00
3.343175198750482746e+00
3.340892055043208853e+00
3.338608613741630204e+00
3.336324874729345247e+00
3.334040837889892028e+00
3.331756503106713119e+00
3.329471870263188915e+00
3.327186939242618546e+00
3.324901709928223870e+00
3.322616182203157020e+00
3.320330355950483092e+00
3.318044231053207671e+00
3.315757807394246637e+00
3.313471084856434601e+00
3.311184063322558657e+00
3.308896742675300207e+00
3.306609122797274036e+00
3.304321203571022991e+00
3.302032984879009980e+00
3.299744466603620641e+00
3.297455648627165115e+00
3.295166530831878049e+00
3.292877113099914599e+00
3.290587395313362862e+00
3.288297377354224782e+00
3.286007059104418815e+00
3.283716440445821227e+00
3.281425521260196376e+00
3.279134301429244669e+00
3.276842780834593682e+00
3.274550959357789726e+00
3.272258836880307165e+00
3.269966413283540430e+00
3.267673688448811120e+00
3.265380662257366673e+00
3.263087334590370592e+00
3.260793705328924208e+00
3.258499774354044476e+00
3.256205541546661753e+00
3.253911006787669979e+00
3.251616169957850744e+00
3.249321030937921240e+00
3.247025589608531160e+00
3.244729845850251593e+00
3.242433799543573691e+00
3.240137450568933986e+00
3.237840798806677522e+00
3.235543844137082292e+00
3.233246586440361448e+00
3.230949025596647761e+00
3.228651161485997623e+00
3.226352993988427453e+00
3.224054522983849314e+00
3.221755748352120641e+00
3.219456669973034479e+00
3.217157287726309711e+00
3.214857601491603045e+00
3.212557611148503689e+00
3.210257316576538678e+00
3.207956717655174206e+00
3.205655814263807635e+00
3.203354606281787920e+00
3.201053093588397402e+00
3.198751276062854920e+00
3.196449153584351333e+00
3.194146726032001560e+00
3.191843993284870340e+00
3.189540955221986440e+00
3.187237611722327113e+00
3.184933962664810991e+00
3.182630007928362481e+00
3.180325747391828273e+00
3.178021180934035073e+00
3.175716308433786494e+00
3.173411129769855066e+00
3.171105644820990666e+00
3.168799853465952054e+00
3.166493755583466019e+00
3.164187351052260233e+00
3.161880639751076139e+00
3.159573621558655176e+00
3.157266296353763657e+00
3.154958664015192760e+00
3.152650724421769191e+00
3.150342477452367618e+00
3.148033922985913780e+00
3.145725060901408021e+00
3.143415891077926183e+00
3.141106413394628483e+00
3.138796627730808364e+00
3.136486533965859635e+00
3.134176131979321767e+00
3.131865421650898984e+00
3.129554402860470042e+00
3.127243075488095769e+00
3.124931439414121659e+00
3.122619494519083272e+00
3.120307240683813266e+00
3.117994677789450719e+00
3.115681805717474440e+00
3.113368624349734048e+00
3.111055133568515263e+00
3.108741333256535011e+00
3.106427223297017370e+00
3.104112803573739310e+00
3.101798073971073766e+00
3.099483034374054480e+00
3.097167684668433285e+00
3.094852024740749386e+00
3.092536054478403518e+00
3.090219773769729450e+00
3.087903182504091237e+00
3.085586280571962714e+00
3.083269067865027857e+00
3.080951544276315346e+00
3.078633709700274501e+00
3.076315564032927163e+00
3.073997107172007137e+00
3.071678339017098303e+00
3.069359259469779388e+00
3.067039868433894423e+00
3.064720165815595365e+00
3.062400151523648084e+00
3.060079825469631309e+00
3.057759187568171999e+00
3.055438237737208240e+00
3.053116975898293006e+00
3.050795401976865495e+00
3.048473515902608622e+00
3.046151317609806508e+00
3.043828807037727735e+00
3.041505984131056106e+00
3.039182848840344953e+00
3.036859401122515401e+00
3.034535640941394607e+00
3.032211568268299740e+00
3.029887183082667246e+00
3.027562485372744749e+00
3.025237475136311360e+00
3.022912152381527218e+00
3.020586517127743509e+00
3.018260569406496341e+00
3.015934309262495283e+00
3.013607736754760236e+00
3.011280851957760518e+00
3.008953654962856383e+00
3.006626145879510936e+00
3.004298324836965683e+00
3.001970191985817493e+00
2.999641747499861566e+00
2.997312991577968155e+00
2.994983924446272372e+00
2.992654546360345336e+00
2.990324857607761455e+00
2.987994858510687912e+00
2.985664549428857839e+00
2.983333930762626540e+00
2.981003002956445158e+00
2.978671766502512419e+00
2.976340221944727027e+00
2.974008369883091696e+00
2.971676210978302812e+00
2.969343745956919189e+00
2.967010975616748425e+00
2.964677900832934032e+00
2.962344522564257066e+00
2.960010841860261532e+00
2.957676859868704433e+00
2.955342577843871332e+00
2.953007997155315145e+00
2.950673119297699820e+00
2.948337945900954882e+00
2.946002478741796438e+00
2.943666719755801520e+00
2.941330671050793821e+00
2.938994334921056328e+00
2.936657713863044528e+00
2.934320810592046413e+00
2.931983628060601532e+00
2.929646169478102635e+00
2.927308438332349549e+00
2.924970438412572982e+00
2.922632173834684544e+00
2.920293649068405273e+00
2.917954868966647464e+00
2.915615838797558368e+00
2.913276564278882041e+00
2.910937051615531512e+00
2.908597307539900534e+00
2.906257339355915015e+00
2.903917154986293436e+00
2.901576763024153571e+00
2.899236172788466348e+00
2.896895394384486622e+00
2.894554438768742077e+00
2.892213317819894769e+00
2.889872044414802943e+00
2.887530632511471129e+00
2.885189097238277878e+00
2.882847454990963509e+00
2.880505723537126084e+00
2.878163922129715502e+00
2.875822071629292154e+00
2.873480194636746088e+00
2.871138315636315053e+00
2.868796461150659116e+00
2.866454659908021174e+00
2.864112943023302105e+00
2.861771344193406286e+00
2.859429899908244810e+00
2.857088649678902303e+00
2.854747636283504253e+00
2.852406906033063905e+00
2.850066509057809672e+00
2.847726499616523466e+00
2.845386936429488145e+00
2.843047883037847612e+00
2.840709408190165153e+00
2.838371586259122559e+00
2.836034497689367218e+00
2.833698229479761910e+00
2.831362875700941029e+00
2.829028538051884922e+00
2.826695326456571511e+00
2.824363359704300525e+00
2.822032766135117221e+00
2.819703684373935371e+00
2.817376264114755724e+00
2.815050666958644587e+00
2.812727067306764361e+00
2.810405653311886187e+00
2.808086627889468279e+00
2.805770209791284664e+00
2.803456634742381937e+00
2.801146156642935203e+00
2.798839048836100130e+00
2.796535605441098582e+00
2.794236142751991281e+00
2.791941000699463604e+00
2.789650544374143060e+00
2.787365165606345840e+00
2.785085284598065147e+00
2.782811351598861727e+00
2.780543848617683445e+00
2.778283291158166080e+00
2.776030229964228102e+00
2.773785252758395270e+00
2.771548985954098487e+00
2.769322096317003989e+00
2.767105292549682183e+00
2.764899326767291665e+00
2.762704995830210120e+00
2.760523142492881998e+00
2.758354656326368559e+00
2.756200474365392061e+00
2.754061581429221306e+00
2.751939010059922808e+00
2.749833840021055131e+00
2.747747197296007027e+00
2.745680252525869225e+00
2.743634218827646354e+00
2.741610348935103580e+00
2.739609931611483695e+00
2.737634287288397861e+00
2.735684762897489186e+00
2.733762725871974553e+00
2.731869557313274743e+00
2.730006644334121990e+00
2.728175371612962419e+00
2.726377112215565113e+00
2.724613217766919782e+00
2.722885008079770408e+00
2.721193760374160497e+00
2.719540698243988253e+00
2.717926980550440241e+00
2.716353690437775192e+00
2.714821824681566742e+00
2.713332283583987703e+00
2.711885861632139516e+00
2.710483239125327959e+00
2.709124974963196486e+00
2.707811500761468704e+00
2.706543116433668850e+00
2.705319987339926957e+00
2.704142143065037640e+00
2.703009477845546460e+00
2.701921752622010953e+00
2.700878598652425744e+00
2.699879522583127134e+00
2.698923912841412864e+00
2.698011047185225220e+00
2.697140101226039199e+00
2.696310157726386603e+00
2.695520216468794583e+00
2.694769204492649894e+00
2.694055986503936850e+00
2.693379375274269627e+00
2.692738141863733503e+00
2.692131025520994481e+00
2.691556743137184959e+00
2.691013998152160802e+00
2.690501488835456811e+00
2.690017915885547950e+00
2.689561989312340362e+00
2.689132434585711273e+00
2.688727998049869061e+00
2.688347451616659445e+00
2.687989596762859090e+00
2.687653267865121709e+00
2.687337334913316944e+00
2.687040705647747885e+00
2.686762327168437103e+00
2.686501187066469676e+00
2.686256314127067668e+00
2.686026778653507474e+00
2.685811692458846434e+00
2.685610208570383239e+00
2.685421520688584973e+00
2.685244862439430058e+00
2.685079506455517073e+00
2.684924763318266017e+00
2.684779980389952136e+00
2.684644540561412995e+00
2.684517860937964073e+00
2.684399391483418107e+00
2.684288613639276733e+00
2.684185038933868395e+00
2.684088207593845254e+00
2.683997687168595547e+00
2.683913071176180498e+00
2.683833977777966062e+00
2.683760048487571215e+00
2.683690946918639852e+00
2.683626357574801613e+00
2.683565984684285866e+00
2.683509551080883071e+00
2.683456797132226068e+00
2.683407479715853139e+00
2.683361371242983573e+00
2.683318258729602945e+00
2.683277942914075176e+00
2.683240237420287944e+00
2.683204967965139964e+00
2.683171971608917517e+00
2.683141096047184426e+00
2.683112198942532167e+00
2.683085147294582917e+00
2.683059816846613543e+00
2.683036091527096545e+00
2.683013862924529924e+00
2.682993029793884432e+00
2.682973497593082346e+00
2.682955178047903289e+00
2.682937988743826274e+00
2.682921852743286983e+00
2.682906698226967368e+00
2.682892458157709381e+00
2.682879069965777852e+00
2.682866475254195748e+00
2.682854619522966555e+00
2.682843451911058441e+00
2.682832924955051990e+00
2.682822994363450952e+00
2.682813618805675482e+00
2.682804759714828791e+00
2.682796381103369932e+00
2.682788449390892449e+00
2.682780933243214871e+00
2.682773803422089820e+00
2.682767032644833627e+00
2.682760595453246300e+00
2.682754468091210320e+00
2.682748628390431378e+00
2.682743055663753040e+00
2.682737730605586624e+00
2.682732635198970872e+00
2.682727752628832896e+00
2.682723067201038258e+00
2.682718564266855399e+00
2.682714230152469348e+00
2.682710052093212560e+00
2.682706018172221984e+00
2.682702117263169761e+00
2.682698338976869934e+00
2.682694673611454750e+00
2.682691112105897613e+00
2.682687645996652215e+00
2.682684267377236864e+00
2.682680968860470916e+00
2.682677743543327331e+00
2.682674584974099830e+00
2.682671487121794929e+00
2.682668444347584114e+00
2.682665451378179799e+00
2.682662503280996091e+00
2.682659595440994416e+00
2.682656723539077248e+00
2.682653883531945560e+00
2.682651071633311624e+00
2.682648284296372587e+00
2.682645518197474210e+00
2.682642770220863060e+00
2.682640037444482317e+00
2.682637317126709497e+00
2.682634606693995671e+00
2.682631903729337353e+00
2.682629205961521990e+00
2.682626511255102653e+00
2.682623817601040628e+00
2.682621123107987948e+00
2.682618425994149014e+00
2.682615724579692440e+00
2.682613017279675827e+00
2.682610302597444818e+00
2.682607579118475805e+00
2.682604845504633850e+00
2.682602100488817420e+00
2.682599342869959269e+00
2.682596571508368388e+00
2.682593785321381041e+00
2.682590983279306229e+00
2.682588164401638497e+00
2.682585327753532312e+00
2.682582472442504695e+00
2.682579597615364797e+00
2.682576702455345075e+00
2.682573786179424769e+00
2.682570848035834565e+00
2.682567887301726017e+00
2.682564903280994173e+00
2.682561895302249866e+00
2.682558862716923009e+00
2.682555804897494234e+00
2.682552721235840654e+00
2.682549611141695323e+00
2.682546474041206164e+00
2.682543309375588603e+00
2.682540116599870572e+00
2.682536895181715675e+00
2.682533644600328060e+00
2.682530364345425244e+00
2.682527053916277993e+00
2.682523712820819028e+00
2.682520340574777507e+00
2.682516936700985344e+00
2.682513500728483713e+00
2.682510032191987470e+00
2.682506530631166619e+00
2.682502995590061445e+00
2.682499426616515859e+00
2.682495823261650703e+00
2.682492185079366820e+00
2.682488511625879646e+00
2.682484802459284001e+00
2.682481057139143310e+00
2.682477275226105462e+00
2.682473456281541768e+00
2.682469599867205012e+00
2.682465705544911483e+00
2.682461772876237660e+00
2.682457801422238219e+00
2.682453790743176025e+00
2.682449740398271665e+00
2.682445649945462751e+00
2.682441518941180103e+00
2.682437346940132361e+00
2.682433133495104816e+00
2.682428878156767560e+00
2.682424580473492526e+00
2.682420239991180733e+00
2.682415856253098863e+00
2.682411428799721165e+00
2.682406957168579353e+00
2.682402440894120499e+00
2.682397879507571581e+00
2.682393272536806261e+00
2.682388619506220095e+00
2.682383919936610184e+00
2.682379173345060153e+00
2.682374379244826912e+00
2.682369537145230964e+00
2.682364646551558263e+00
2.682359706964952295e+00
2.682354717882319939e+00
2.682349678796236425e+00
2.682344589194851636e+00
2.682339448561798623e+00
2.682334256376112336e+00
2.682329012112133704e+00
2.682323715239434581e+00
2.682318365222728040e+00
2.682312961521792882e+00
2.682307503591393250e+00
2.682301990881196474e+00
2.682296422835698468e+00
2.682290798894152228e+00
2.682285118490479459e+00
2.682279381053209732e+00
2.682273586005399668e+00
2.682267732764560986e+00
2.682261820742585900e+00
2.682255849345676957e+00
2.682249817974276418e+00
2.682243726022988994e+00
2.682237572880515675e+00
2.682231357929579119e+00
2.682225080546854379e+00
2.682218740102894294e+00
2.682212335962066874e+00
2.682205867482467809e+00
2.682199334015867187e+00
2.682192734907625109e+00
2.682186069496627745e+00
2.682179337115208728e+00
2.682172537089081654e+00
2.682165668737263697e+00
2.682158731372007665e+00
2.682151724298744710e+00
2.682144646815940447e+00
2.682137498215126925e+00
2.682130277780747640e+00
2.682122984790114906e+00
2.682115618513326361e+00
2.682108178213194805e+00
2.682100663145164265e+00
2.682093072557239388e+00
2.682085405689902835e+00
2.682077661776045119e+00
2.682069840040882447e+00
2.682061939701857245e+00
2.682053959968572876e+00
2.682045900042766107e+00
2.682037759118126807e+00
2.682029536380279744e+00
2.682021231006686435e+00
2.682012842166561661e+00
2.682004369020791756e+00
2.681995810721844897e+00
2.681987166413689838e+00
2.681978435231706204e+00
2.681969616302599224e+00
2.681960708744310917e+00
2.681951711665929494e+00
2.681942624167603206e+00
2.681933445340453748e+00
2.681924174266451466e+00
2.681914810018373174e+00
2.681905351659700454e+00
2.681895798244485540e+00
2.681886148817279381e+00
2.681876402413051252e+00
2.681866558057072858e+00
2.681856614764826841e+00
2.681846571541906865e+00
2.681836427383918586e+00
2.681826181276376175e+00
2.681815832194604621e+00
2.681805379103634035e+00
2.681794820958100178e+00
2.681784156702130772e+00
2.681773385269250021e+00
2.681762505582264922e+00
2.681751516553160908e+00
2.681740417082990380e+00
2.681729206061764348e+00
2.681717882368340078e+00
2.681706444870310513e+00
2.681694892423889698e+00
2.681683223873797317e+00
2.681671438053145895e+00
2.681659533783316451e+00
2.681647509873860358e+00
2.681635365122346570e+00
2.681623098314283027e+00
2.681610708222949668e+00
2.681598193609316727e+00
2.681585553221895069e+00
2.681572785796621616e+00
2.681559890056728790e+00
2.681546864712618827e+00
2.681533708461733667e+00
2.681520419988426163e+00
2.681506997963824634e+00
2.681493441045707193e+00
2.681479747878361408e+00
2.681465917092445750e+00
2.681451947304862138e+00
2.681437837118612055e+00
2.681423585122654885e+00
2.681409189891770239e+00
2.681394649986424294e+00
2.681379963952589485e+00
2.681365130321656132e+00
2.681350147610236156e+00
2.681335014320038734e+00
2.681319728937717084e+00
2.681304289934710816e+00
2.681288695767104269e+00
2.681272944875455977e+00
2.681257035684659229e+00
2.681240966603776421e+00
2.681224736025876965e+00
2.681208342327884075e+00
2.681191783870408685e+00
2.681175058997584237e+00
2.681158166036902379e+00
2.681141103299047312e+00
2.681123869077724375e+00
2.681106461649490402e+00
2.681088879273581860e+00
2.681071120191739432e+00
2.681053182628033049e+00
2.681035064788674482e+00
2.681016764861880564e+00
2.680998281017625384e+00
2.680979611407503960e+00
2.680960754164515958e+00
2.680941707402933361e+00
2.680922469218048221e+00
2.680903037686019896e+00
2.680883410863670768e+00
2.680863586788294839e+00
2.680843563477458780e+00
2.680823338928806976e+00
2.680802911119858134e+00
2.680782278007806774e+00
2.680761437529313618e+00
2.680740387600304420e+00
2.680719126115759909e+00
2.680697650949504407e+00
2.680675959953991327e+00
2.680654050960093571e+00
2.680631921776881921e+00
2.680609570191409663e+00
2.680586993968485210e+00
2.680564190850466932e+00
2.680541158556995374e+00
2.680517894784819610e+00
2.680494397207529023e+00
2.680470663475331694e+00
2.680446691214821708e+00
2.680422478028738897e+00
2.680398021495731697e+00
2.680373319170108903e+00
2.680348368581604301e+00
2.680323167235121762e+00
2.680297712610481220e+00
2.680272002162209066e+00
2.680246033319179322e+00
2.680219803484505281e+00
2.680193310035161591e+00
2.680166550321751551e+00
2.680139521668256641e+00
2.680112221371774517e+00
2.680084646702233897e+00
2.680056794902122341e+00
2.680028663186215798e+00
2.680000248741295721e+00
2.679971548725873731e+00
2.679942560269899410e+00
2.679913280474477411e+00
2.679883706411581024e+00
2.679853835123751082e+00
2.679823663623809527e+00
2.679793188894547651e+00
2.679762407888446329e+00
2.679731317527346945e+00
2.679699914702159180e+00
2.679668196272540381e+00
2.679636159066590473e+00
2.679603799880527770e+00
2.679571115478380783e+00
2.679538102591635607e+00
2.679504757918945490e+00
2.679471078125779115e+00
2.679437059844089752e+00
2.679402699671982635e+00
2.679367994173368128e+00
2.679332939877628661e+00
2.679297533279263011e+00
2.679261770837534140e+00
2.679225648976124141e+00
2.679189164082769636e+00
2.679152312508902511e+00
2.679115090569284874e+00
2.679077494541639126e+00
2.679039520666278484e+00
2.679001165145728613e+00
2.678962424144351040e+00
2.678923293787952797e+00
2.678883770163405842e+00
2.678843849318254033e+00
2.678803527260316564e+00
2.678762799957286944e+00
2.678721663336333769e+00
2.678680113283689934e+00
2.678638145644241852e+00
2.678595756221150204e+00
2.678552940775302371e+00
2.678509695025065085e+00
2.678466014645745297e+00
2.678421895269221586e+00
2.678377332483353968e+00
2.678332321831814689e+00
2.678286858813379467e+00
2.678240938881613964e+00
2.678194557444391943e+00
2.678147709863431203e+00
2.678100391453832607e+00
2.678052597483610242e+00
2.678004323173215795e+00
2.677955563695065599e+00
2.677906314173056579e+00
2.677856569682078636e+00
2.677806325247512387e+00
2.677755575844748215e+00
2.677704316398673789e+00
2.677652541783168250e+00
2.677600246820584395e+00
2.677547426281240206e+00
2.677494074882892150e+00
2.677440187290204499e+00
2.677385758114213310e+00
2.677330781911797519e+00
2.677275253185123383e+00
2.677219166381103133e+00
2.677162515890829653e+00
2.677105296049024474e+00
2.677047501133471563e+00
2.676989125364438227e+00
2.676930162904096910e+00
2.676870607855948769e+00
2.676810454264227701e+00
2.676749696113308818e+00
2.676688327327103156e+00
2.676626341768437722e+00
2.676563733238483067e+00
2.676500495476088926e+00
2.676436622157159384e+00
2.676372106894056024e+00
2.676306943234928681e+00
2.676241124663082616e+00
2.676174644596321706e+00
2.676107496386285867e+00
2.676039673317796908e+00
2.675971168608180406e+00
2.675901975406590250e+00
2.675832086793307862e+00
2.675761495779048538e+00
2.675690195304455177e+00
2.675618178238771794e+00
2.675545437380057567e+00
2.675471965453841694e+00
2.675397755112259635e+00
2.675322798933972734e+00
2.675247089422822633e+00
2.675170619007364525e+00
2.675093380040048707e+00
2.675015364796453632e+00
2.674936565474516748e+00
2.674856974193745796e+00
2.674776582994444762e+00
2.674695383836906082e+00
2.674613368600617047e+00
2.674530529083420483e+00
2.674446857000740696e+00
2.674362343984707291e+00
2.674276981583347812e+00
2.674190761259723992e+00
2.674103674391093310e+00
2.674015712268036804e+00
2.673926866093589538e+00
2.673837126982353762e+00
2.673746485959622277e+00
2.673654933960474267e+00
2.673562461828868031e+00
2.673469060316717716e+00
2.673374720082980716e+00
2.673279431692716201e+00
2.673183185616144542e+00
2.673085972227675633e+00
2.672987781804983420e+00
2.672888604527974721e+00
2.672788430477894384e+00
2.672687249636250151e+00
2.672585051883785034e+00
2.672481826999623777e+00
2.672377564660083582e+00
2.672272254437691785e+00
2.672165885800185325e+00
2.672058448109397411e+00
2.671949930620237890e+00
2.671840322479588803e+00
2.671729612725222580e+00
2.671617790284716687e+00
2.671504843974335852e+00
2.671390762497917848e+00
2.671275534445725519e+00
2.671159148293335672e+00
2.671041592400455134e+00
2.670922855009778552e+00
2.670802924245783583e+00
2.670681788113573152e+00
2.670559434497657758e+00
2.670435851160742668e+00
2.670311025742497346e+00
2.670184945758332429e+00
2.670057598598142956e+00
2.669928971525043604e+00
2.669799051674082158e+00
2.669667826050979631e+00
2.669535281530805548e+00
2.669401404856661664e+00
2.669266182638377671e+00
2.669129601351136749e+00
2.668991647334151729e+00
2.668852306789283535e+00
2.668711565779656514e+00
2.668569410228257333e+00
2.668425825916543204e+00
2.668280798483002592e+00
2.668134313421725690e+00
2.667986356080932708e+00
2.667836911661513266e+00
2.667685965215532473e+00
2.667533501644890226e+00
2.667379505699637221e+00
2.667223961975962787e+00
2.667066854916143370e+00
2.666908168804976942e+00
2.666747887770144043e+00
2.666585995779089391e+00
2.666422476638464989e+00
2.666257313996560185e+00
2.666090491352511638e+00
2.665921992066973889e+00
2.665751799372464870e+00
2.665579896383269531e+00
2.665406266105024180e+00
2.665230891443887362e+00
2.665053755215420761e+00
2.664874840153068192e+00
2.664694128916345939e+00
2.664511604098637854e+00
2.664327248234766188e+00
2.664141043808165854e+00
2.663952973257808221e+00
2.663763018984786957e+00
2.663571163358668503e+00
2.663377388723527250e+00
2.663181677403721359e+00
2.662984011709375487e+00
2.662784373941661009e+00
2.662582746397822220e+00
2.662379111375965390e+00
2.662173451179497885e+00
2.661965748121539299e+00
2.661755984528975105e+00
2.661544142746375297e+00
2.661330205139664340e+00
2.661114154099597506e+00
2.660895972045105751e+00
2.660675641426382132e+00
2.660453144727862984e+00
2.660228464470971943e+00
2.660001583216780485e+00
2.659772483568453527e+00
2.659541148173572900e+00
2.659307559726274306e+00
2.659071700969354524e+00
2.658833554696126811e+00
2.658593103752197706e+00
2.658350331037151459e+00
2.658105219506035954e+00
2.657857752170895704e+00
2.657607912102007752e+00
2.657355682429122012e+00
2.657101046342629225e+00
2.656843987094548609e+00
2.656584487999520405e+00
2.656322532435618555e+00
2.656058103845178042e+00
2.655791185735510318e+00
2.655521761679493942e+00
2.655249815316163442e+00
2.654975330351219576e+00
2.654698290557474749e+00
2.654418679775201184e+00
2.654136481912499956e+00
2.653851680945520819e+00
2.653564260918730433e+00
2.653274205945085118e+00
2.652981500206101906e+00
2.652686127952016193e+00
2.652388073501785737e+00
2.652087321243100870e+00
2.651783855632391607e+00
2.651477661194702407e+00
2.651168722523672194e+00
2.650857024281364271e+00
2.650542551198129981e+00
2.650225288072403984e+00
2.649905219770561704e+00
2.649582331226627119e+00
2.649256607442084022e+00
2.648928033485550948e+00
2.648596594492548917e+00
2.648262275665168364e+00
2.647925062271756502e+00
2.647584939646582036e+00
2.647241893189458128e+00
2.646895908365443972e+00
2.646546970704394486e+00
2.646195065800647672e+00
2.645840179312553442e+00
2.645482296962134328e+00
2.645121404534648946e+00
2.644757487878158564e+00
2.644390532903088786e+00
2.644020525581845860e+00
2.643647451948311300e+00
2.643271298097462640e+00
2.642892050184850739e+00
2.642509694426212974e+00
2.642124217096987859e+00
2.641735604531856296e+00
2.641343843124250412e+00
2.640948919325959210e+00
2.640550819646580116e+00
2.640149530653135734e+00
2.639745038969517843e+00
2.639337331276097487e+00
2.638926394309218715e+00
2.638512214860738503e+00
2.638094779777558241e+00
2.637674075961128572e+00
2.637250090367055044e+00
2.636822810004543882e+00
2.636392221936031177e+00
2.635958313276629994e+00
2.635521071193745790e+00
2.635080482906591470e+00
2.634636535685729086e+00
2.634189216852588444e+00
2.633738513779094070e+00
2.633284413887122533e+00
2.632826904648154276e+00
2.632365973582734497e+00
2.631901608260116099e+00
2.631433796297782290e+00
2.630962525361007387e+00
2.630487783162450910e+00
2.630009557461928438e+00
2.629527836065456814e+00
2.629042606825060968e+00
2.628553857638839197e+00
2.628061576450114512e+00
2.627565751247060710e+00
2.627066370061990952e+00
2.626563420971583795e+00
2.626056892096372497e+00
2.625546771599838181e+00
2.625033047688391186e+00
2.624515708611043774e+00
2.623994742658853241e+00
2.623470138164650578e+00
2.622941883502630134e+00
2.622409967087980576e+00
2.621874377376472331e+00
2.621335102864199129e+00
2.620792132087088611e+00
2.620245453620677623e+00
2.619695056079633932e+00
2.619140928117507983e+00
2.618583058426346533e+00
2.618021435736354707e+00
2.617456048815515857e+00
2.616886886469361961e+00
2.616313937540506451e+00
2.615737190908464349e+00
2.615156635489189085e+00
2.614572260234860224e+00
2.613984054133520196e+00
2.613392006208768770e+00
2.612796105519458401e+00
2.612196341159339408e+00
2.611592702256871679e+00
2.610985177974775251e+00
2.610373757509893977e+00
2.609758430092758541e+00
2.609139184987403492e+00
2.608516011491045283e+00
2.607888898933790500e+00
2.607257836678331664e+00
2.606622814119761156e+00
2.605983820685167540e+00
2.605340845833515218e+00
2.604693879055232308e+00
2.604042909872062772e+00
2.603387927836754656e+00
2.602728922532811850e+00
2.602065883574188554e+00
2.601398800605161821e+00
2.600727663299911896e+00
2.600052461362462264e+00
2.599373184526271086e+00
2.598689822554103745e+00
2.598002365237755740e+00
2.597310802397817753e+00
2.596615123883448284e+00
2.595915319572093871e+00
2.595211379369389171e+00
2.594503293208747063e+00
2.593791051051353769e+00
2.593074642885744296e+00
2.592354058727734500e+00
2.591629288620150184e+00
2.590900322632616160e+00
2.590167150861312884e+00
2.589429763428848119e+00
2.588688150483958950e+00
2.587942302201434508e+00
2.587192208781754044e+00
2.586437860451033188e+00
2.585679247460771712e+00
2.584916360087659903e+00
2.584149188633340977e+00
2.583377723424347572e+00
2.582601954811730494e+00
2.581821873171100457e+00
2.581037468902203535e+00
2.580248732428973568e+00
2.579455654199171111e+00
2.578658224684315936e+00
2.577856434379469430e+00
2.577050273803015212e+00
2.576239733496632045e+00
2.575424804024911030e+00
2.574605475975434210e+00
2.573781739958395764e+00
2.572953586606552268e+00
2.572121006575089019e+00
2.571283990541360254e+00
2.570442529204739923e+00
2.569596613286615927e+00
2.568746233529976664e+00
2.567891380699540704e+00
2.567032045581369548e+00
2.566168218982874283e+00
2.565299891732610416e+00
2.564427054680132212e+00
2.563549698695791523e+00
2.562667814670751554e+00
2.561781393516607608e+00
2.560890426165527423e+00
2.559994903569849711e+00
2.559094816702076169e+00
2.558190156554864814e+00
2.557280914140579675e+00
2.556367080491472876e+00
2.555448646659274292e+00
2.554525603715303905e+00
2.553597942750147176e+00
2.552665654873733647e+00
2.551728731214985224e+00
2.550787162921862361e+00
2.549840941161179320e+00
2.548890057118480712e+00
2.547934501997860313e+00
2.546974267022012572e+00
2.546009343431851146e+00
2.545039722486692746e+00
2.544065395463878332e+00
2.543086353658837062e+00
2.542102588384893558e+00
2.541114090973177309e+00
2.540120852772434823e+00
2.539122865149096686e+00
2.538120119486907189e+00
2.537112607187077984e+00
2.536100319668085135e+00
2.535083248365328945e+00
