3.176748044478075185e-09
3.175933058340798730e-09
3.175118072203457340e-09
3.174303086066114296e-09
3.173488099928759672e-09
3.172673113791414560e-09
3.171858127654078134e-09
3.171043141516729713e-09
3.170228155379378811e-09
3.169413169242040317e-09
3.168598183104696446e-09
3.167783196967346371e-09
3.166968210830008290e-09
3.166153224692654080e-09
3.165338238555313104e-09
3.164523252417968406e-09
3.163708266280635288e-09
3.162893280143282318e-09
3.162078294005949200e-09
3.161263307868604088e-09
3.160448321731259804e-09
3.159633335593922137e-09
3.158818349456591501e-09
3.158003363319247216e-09
3.157188377181915339e-09
3.156373391044575604e-09
3.155558404907240418e-09
3.154743418769903992e-09
3.153928432632566325e-09
3.153113446495234448e-09
3.152298460357910016e-09
3.151483474220575657e-09
3.150668488083246676e-09
3.149853501945919762e-09
3.149038515808599465e-09
3.148223529671271724e-09
3.147408543533955564e-09
3.146593557396638990e-09
3.145778571259317453e-09
3.144963585122007910e-09
3.144148598984695885e-09
3.143333612847399991e-09
3.142518626710096651e-09
3.141703640572794553e-09
3.140888654435499486e-09
3.140073668298211449e-09
3.139258682160925895e-09
3.138443696023634550e-09
3.137628709886362643e-09
3.136813723749093632e-09
3.135998737611831238e-09
3.135183751474575876e-09
3.134368765337337057e-09
3.133553779200094515e-09
3.132738793062861900e-09
3.131923806925649964e-09
3.131108820788440924e-09
3.130293834651237260e-09
3.129478848514052621e-09
3.128663862376883699e-09
3.127848876239723462e-09
3.127033890102588454e-09
3.126218903965465854e-09
3.125403917828352766e-09
3.124588931691269457e-09
3.123773945554206828e-09
3.122958959417179353e-09
3.122143973280160978e-09
3.121328987143173208e-09
3.120514001006223075e-09
3.119699014869302307e-09
3.118884028732413385e-09
3.118069042595568718e-09
3.117254056458766650e-09
3.116439070322003873e-09
3.115624084185286178e-09
3.114809098048632589e-09
3.113994111912033594e-09
3.113179125775490848e-09
3.112364139639017584e-09
3.111549153502625798e-09
3.110734167366313008e-09
3.109919181230075904e-09
3.109104195093935168e-09
3.108289208957897415e-09
3.107474222821956856e-09
3.106659236686143269e-09
3.105844250550461204e-09
3.105029264414915210e-09
3.104214278279520176e-09
3.103399292144291820e-09
3.102584306009233035e-09
3.101769319874370292e-09
3.100954333739706073e-09
3.100139347605266847e-09
3.099324361471079910e-09
3.098509375337146505e-09
3.097694389203494341e-09
3.096879403070163537e-09
3.096064416937156160e-09
3.095249430804525978e-09
3.094434444672276299e-09
3.093619458540448895e-09
3.092804472409086781e-09
3.091989486278220148e-09
3.091174500147894077e-09
3.090359514018153237e-09
3.089544527889044362e-09
3.088729541760615017e-09
3.087914555632938819e-09
3.087099569506065814e-09
3.086284583380073342e-09
3.085469597255013931e-09
3.084654611130980223e-09
3.083839625008066518e-09
3.083024638886343125e-09
3.082209652765920888e-09
3.081394666646911889e-09
3.080579680529430692e-09
3.079764694413605925e-09
3.078949708299569522e-09
3.078134722187479889e-09
3.077319736077485918e-09
3.076504749969775792e-09
3.075689763864541004e-09
3.074874777761975529e-09
3.074059791662301463e-09
3.073244805565767788e-09
3.072429819472640443e-09
3.071614833383186194e-09
3.070799847297727640e-09
3.069984861216587797e-09
3.069169875140132690e-09
3.068354889068742411e-09
3.067539903002851642e-09
3.066724916942910784e-09
3.065909930889410353e-09
3.065094944842895049e-09
3.064279958803951343e-09
3.063464972773205824e-09
3.062649986751326854e-09
3.061835000739073371e-09
3.061020014737245673e-09
3.060205028746699063e-09
3.059390042768366189e-09
3.058575056803296743e-09
3.057760070852568541e-09
3.056945084917376444e-09
3.056130098999031122e-09
3.055315113098921824e-09
3.054500127218567252e-09
3.053685141359625906e-09
3.052870155523873741e-09
3.052055169713226920e-09
3.051240183929803855e-09
3.050425198175853235e-09
3.049610212453825169e-09
3.048795226766398068e-09
3.047980241116453002e-09
3.047165255507085281e-09
3.046350269941705371e-09
3.045535284423962792e-09
3.044720298957820153e-09
3.043905313547580035e-09
3.043090328197918902e-09
3.042275342913851538e-09
3.041460357700853877e-09
3.040645372564838607e-09
3.039830387512228786e-09
3.039015402549957014e-09
3.038200417685539467e-09
3.037385432927162753e-09
3.036570448283620214e-09
3.035755463764486467e-09
3.034940479380138078e-09
3.034125495141782104e-09
3.033310511061586785e-09
3.032495527152720838e-09
3.031680543429462639e-09
3.030865559907261028e-09
3.030050576602869307e-09
3.029235593534418862e-09
3.028420610721565985e-09
3.027605628185588657e-09
3.026790645949570181e-09
3.025975664038470317e-09
3.025160682479372613e-09
3.024345701301565053e-09
3.023530720536812614e-09
3.022715740219548342e-09
3.021900760386996193e-09
3.021085781079561044e-09
3.020270802340961459e-09
3.019455824218570072e-09
3.018640846763718401e-09
3.017825870031999189e-09
3.017010894083643179e-09
3.016195918983885141e-09
3.015380944803409314e-09
3.014565971618765473e-09
3.013750999512901635e-09
3.012936028575659128e-09
3.012121058904382221e-09
3.011306090604485156e-09
3.010491123790192478e-09
3.009676158585240478e-09
3.008861195123640690e-09
3.008046233550601359e-09
3.007231274023407985e-09
3.006416316712441990e-09
3.005601361802267634e-09
3.004786409492854589e-09
3.003971460000774457e-09
3.003156513560674388e-09
3.002341570426727133e-09
3.001526630874263067e-09
3.000711695201566414e-09
2.999896763731737644e-09
2.999081836814777554e-09
2.998266914829847538e-09
2.997451998187689920e-09
2.996637087333223644e-09
2.995822182748434447e-09
2.995007284955426735e-09
2.994192394519794353e-09
2.993377512054200201e-09
2.992562638222334712e-09
2.991747773743145223e-09
2.990932919395416493e-09
2.990118076022778859e-09
2.989303244539120488e-09
2.988488425934356130e-09
2.987673621280826188e-09
2.986858831740144117e-09
2.986044058570598040e-09
2.985229303135197973e-09
2.984414566910392653e-09
2.983599851495506016e-09
2.982785158622925167e-09
2.981970490169222235e-09
2.981155848167075702e-09
2.980341234818281540e-09
2.979526652507777644e-09
2.978712103818912348e-09
2.977897591549844516e-09
2.977083118731463175e-09
2.976268688646640139e-09
2.975454304851180431e-09
2.974639971196486614e-09
2.973825691854012731e-09
2.973011471341878846e-09
2.972197314553541120e-09
2.971383226788957908e-09
2.970569213788180328e-09
2.969755281767828438e-09
2.968941437460515908e-09
2.968127688157536264e-09
2.967314041754952972e-09
2.966500506803682751e-09
2.965687092563383899e-09
2.964873809061066598e-09
2.964060667154162946e-09
2.963247678599010900e-09
2.962434856124698342e-09
2.961622213513085771e-09
2.960809765685052705e-09
2.959997528793987286e-09
2.959185520326567486e-09
2.958373759211805433e-09
2.957562265938674146e-09
2.956751062683201354e-09
2.955940173445643757e-09
2.955129624198484107e-09
2.954319443046051843e-09
2.953509660396795856e-09
2.952700309148743349e-09
2.951891424889579523e-09
2.951083046111902308e-09
2.950275214445066608e-09
2.949467974904613178e-09
2.948661376160270998e-09
2.947855470824168513e-09
2.947050315760083371e-09
2.946245972415343682e-09
2.945442507176464814e-09
2.944639991750220740e-09
2.943838503571057382e-09
2.943038126236714451e-09
2.942238949972893748e-09
2.941441072128795358e-09
2.940644597704194237e-09
2.939849639909635880e-09
2.939056320760363576e-09
2.938264771704995117e-09
2.937475134289289327e-09
2.936687560855262161e-09
2.935902215275457976e-09
2.935119273721672879e-09
2.934338925466820713e-09
2.933561373718137617e-09
2.932786836478666643e-09
2.932015547433613628e-09
2.931247756856260930e-09
2.930483732527643371e-09
2.929723760661992945e-09
2.928968146828527388e-09
2.928217216858545122e-09
2.927471317723669379e-09
2.926730818369984166e-09
2.925996110488828037e-09
2.925267609203262193e-09
2.924545753645304813e-09
2.923831007396414255e-09
2.923123858759863491e-09
2.922424820830508248e-09
2.921734431324085467e-09
2.921053252125317914e-09
2.920381868510675428e-09
2.919720888000234579e-09
2.919070938791121011e-09
2.918432667725124612e-09
2.917806737743913510e-09
2.917193824788204037e-09
2.916594614102203122e-09
2.916009795912034207e-09
2.915440060456710274e-09
2.914886092364012094e-09
2.914348564379461191e-09
2.913828130476729624e-09
2.913325418400994712e-09
2.912841021722079233e-09
2.912375491503328589e-09
2.911929327720786961e-09
2.911502970598206185e-09
2.911096792051036492e-09
2.910711087458615644e-09
2.910346068003714211e-09
2.910001853832144818e-09
2.909678468288083377e-09
2.909375833474524157e-09
2.909093767367223463e-09
2.908831982678403694e-09
2.908590087619453990e-09
2.908367588654176083e-09
2.908163895265795564e-09
2.907978326686091879e-09
2.907810120457939831e-09
2.907658442626638774e-09
2.907522399287199695e-09
2.907401049157180746e-09
2.907293416803409463e-09
2.907198506127227465e-09
2.907115313710135191e-09
2.907042841638358753e-09
2.906980109460788772e-09
2.906926164986006780e-09
2.906880093687690268e-09
2.906841026558163201e-09
2.906808146322802547e-09
2.906780691998993350e-09
2.906757961847222532e-09
2.906739314817082018e-09
2.906724170634169839e-09
2.906712008704262356e-09
2.906702366029696338e-09
2.906694834338784647e-09
2.906689056625898403e-09
2.906684723287562831e-09
2.906681568022354982e-09
2.906679363640100701e-09
2.906677917902376647e-09
2.906677069491811368e-09
2.906676684184387668e-09
2.906676651277540652e-09
2.906676880308054772e-09
2.906677298077379660e-09
2.906677845989193398e-09
2.906678477693610336e-09
2.906679157024636421e-09
2.906679856212287380e-09
2.906680554347305101e-09
2.906681236074379358e-09
2.906681890489645923e-09
2.906682510218073296e-09
2.906683090648081171e-09
2.906683629301523702e-09
2.906684125319888742e-09
2.906684579048540327e-09
2.906684991703746632e-09
2.906685365108496267e-09
2.906685701485296565e-09
2.906686003295685242e-09
2.906686273117774164e-09
2.906686513554464558e-09
2.906686727166288634e-09
2.906686916423672576e-09
2.906687083674480458e-09
2.906687231123494787e-09
2.906687360820833909e-09
2.906687474657353295e-09
2.906687574364988407e-09
2.906687661520834358e-09
2.906687737553598741e-09
2.906687803751891227e-09
2.906687861273375897e-09
2.906687911154496824e-09
2.906687954320287192e-09
2.906687991594022494e-09
2.906688023706648322e-09
2.906688051305578264e-09
2.906688074963088539e-09
2.906688095184043459e-09
2.906688112413067492e-09
2.906688127041057244e-09
2.906688139411177277e-09
2.906688149824193358e-09
2.906688158543411964e-09
2.906688165798978731e-09
2.906688171791829477e-09
2.906688176697172223e-09
2.906688180667577952e-09
2.906688183835763657e-09
2.906688186316992407e-09
2.906688188211321623e-09
2.906688189605398888e-09
2.906688190574243279e-09
2.906688191182673497e-09
2.906688191486638797e-09
2.906688191534325346e-09
2.906688191367202189e-09
2.906688191020864561e-09
2.906688190525819299e-09
2.906688189908175529e-09
2.906688189190188548e-09
2.906688188390797895e-09
2.906688187526088926e-09
2.906688186609651389e-09
2.906688185652933465e-09
2.906688184665530450e-09
2.906688183655467235e-09
2.906688182629377395e-09
2.906688181592730250e-09
2.906688180549972308e-09
2.906688179504717521e-09
2.906688178459795674e-09
2.906688177417465798e-09
2.906688176379415754e-09
2.906688175346870183e-09
2.906688174320709207e-09
2.906688173301455601e-09
2.906688172289359177e-09
2.906688171284491483e-09
2.906688170286661856e-09
2.906688169295584917e-09
2.906688168310809441e-09
2.906688167331800241e-09
2.906688166357927005e-09
2.906688165388499864e-09
2.906688164422758641e-09
2.906688163459941915e-09
2.906688162499217955e-09
2.906688161539742212e-09
2.906688160580658551e-09
2.906688159621135245e-09
2.906688158660268597e-09
2.906688157697226050e-09
2.906688156731116318e-09
2.906688155761106842e-09
2.906688154786353486e-09
2.906688153806000944e-09
2.906688152819227827e-09
2.906688151825214811e-09
2.906688150823164495e-09
2.906688149812268722e-09
2.906688148791766902e-09
2.906688147760874038e-09
2.906688146718829539e-09
2.906688145664883979e-09
2.906688144598312334e-09
2.906688143518365592e-09
2.906688142424342304e-09
2.906688141315517033e-09
2.906688140191188743e-09
2.906688139050667978e-09
2.906688137893252463e-09
2.906688136718265151e-09
2.906688135525004591e-09
2.906688134312816898e-09
2.906688133081024198e-09
2.906688131828937035e-09
2.906688130555901522e-09
2.906688129261239787e-09
2.906688127944274780e-09
2.906688126604339795e-09
2.906688125240781772e-09
2.906688123852898436e-09
2.906688122440024733e-09
2.906688121001482787e-09
2.906688119536595140e-09
2.906688118044659927e-09
2.906688116524987280e-09
2.906688114976876578e-09
2.906688113399637951e-09
2.906688111792545962e-09
2.906688110154887581e-09
2.906688108485925377e-09
2.906688106784922746e-09
2.906688105051153837e-09
2.906688103283858056e-09
2.906688101482262404e-09
2.906688099645594294e-09
2.906688097773069559e-09
2.906688095863902378e-09
2.906688093917273427e-09
2.906688091932350149e-09
2.906688089908323563e-09
2.906688087844338363e-09
2.906688085739526836e-09
2.906688083593008449e-09
2.906688081403903496e-09
2.906688079171309108e-09
2.906688076894309184e-09
2.906688074571941298e-09
2.906688072203277353e-09
2.906688069787330938e-09
2.906688067323115639e-09
2.906688064809644217e-09
2.906688062245858706e-09
2.906688059630736298e-09
2.906688056963219443e-09
2.906688054242214195e-09
2.906688051466614613e-09
2.906688048635291181e-09
2.906688045747115213e-09
2.906688042800908802e-09
2.906688039795483704e-09
2.906688036729614864e-09
2.906688033602077641e-09
2.906688030411612654e-09
2.906688027156923296e-09
2.906688023836713788e-09
2.906688020449628383e-09
2.906688016994324565e-09
2.906688013469387029e-09
2.906688009873424456e-09
2.906688006204986800e-09
2.906688002462588031e-09
2.906687998644730123e-09
2.906687994749890652e-09
2.906687990776489289e-09
2.906687986722944050e-09
2.906687982587626631e-09
2.906687978368872331e-09
2.906687974065004868e-09
2.906687969674276823e-09
2.906687965194951945e-09
2.906687960625211263e-09
2.906687955963236219e-09
2.906687951207159869e-09
2.906687946355080110e-09
2.906687941405047276e-09
2.906687936355075309e-09
2.906687931203143818e-09
2.906687925947195606e-09
2.906687920585114745e-09
2.906687915114772899e-09
2.906687909533958600e-09
2.906687903840460795e-09
2.906687898031972478e-09
2.906687892106199876e-09
2.906687886060740856e-09
2.906687879893194114e-09
2.906687873601086380e-09
2.906687867181909641e-09
2.906687860633071514e-09
2.906687853951968448e-09
2.906687847135926168e-09
2.906687840182220768e-09
2.906687833088047693e-09
2.906687825850600731e-09
2.906687818466954559e-09
2.906687810934173513e-09
2.906687803249237557e-09
2.906687795409079090e-09
2.906687787410547383e-09
2.906687779250444968e-09
2.906687770925525575e-09
2.906687762432436642e-09
2.906687753767778042e-09
2.906687744928102086e-09
2.906687735909865546e-09
2.906687726709466052e-09
2.906687717323206518e-09
2.906687707747341471e-09
2.906687697978031139e-09
2.906687688011387773e-09
2.906687677843416504e-09
2.906687667470027752e-09
2.906687656887107946e-09
2.906687646090400416e-09
2.906687635075589760e-09
2.906687623838265452e-09
2.906687612373944999e-09
2.906687600678027209e-09
2.906687588745851747e-09
2.906687576572627583e-09
2.906687564153492135e-09
2.906687551483475703e-09
2.906687538557513459e-09
2.906687525370433870e-09
2.906687511916958284e-09
2.906687498191712507e-09
2.906687484189192481e-09
2.906687469903821766e-09
2.906687455329858488e-09
2.906687440461488810e-09
2.906687425292756202e-09
2.906687409817597018e-09
2.906687394029817743e-09
2.906687377923104921e-09
2.906687361491026809e-09
2.906687344726996981e-09
2.906687327624309897e-09
2.906687310176129324e-09
2.906687292375476752e-09
2.906687274215218576e-09
2.906687255688114484e-09
2.906687236786721918e-09
2.906687217503515188e-09
2.906687197830754781e-09
2.906687177760570071e-09
2.906687157284959741e-09
2.906687136395696239e-09
2.906687115084458129e-09
2.906687093342696911e-09
2.906687071161721399e-09
2.906687048532674972e-09
2.906687025446473943e-09
2.906687001893916344e-09
2.906686977865562388e-09
2.906686953351794033e-09
2.906686928342826560e-09
2.906686902828637849e-09
2.906686876799038274e-09
2.906686850243602465e-09
2.906686823151700325e-09
2.906686795512525979e-09
2.906686767314986521e-09
2.906686738547822783e-09
2.906686709199527028e-09
2.906686679258364045e-09
2.906686648712338887e-09
2.906686617549240301e-09
2.906686585756621699e-09
2.906686553321737885e-09
2.906686520231629417e-09
2.906686486473052309e-09
2.906686452032512348e-09
2.906686416896219193e-09
2.906686381050131041e-09
2.906686344479910368e-09
2.906686307170921456e-09
2.906686269108232453e-09
2.906686230276624890e-09
2.906686190660572173e-09
2.906686150244226350e-09
2.906686109011418107e-09
2.906686066945645605e-09
2.906686024030086471e-09
2.906685980247572986e-09
2.906685935580604075e-09
2.906685890011299403e-09
2.906685843521432872e-09
2.906685796092410702e-09
2.906685747705257371e-09
2.906685698340618092e-09
2.906685647978745583e-09
2.906685596599487657e-09
2.906685544182312449e-09
2.906685490706235629e-09
2.906685436149869614e-09
2.906685380491397515e-09
2.906685323708540051e-09
2.906685265778601039e-09
2.906685206678409083e-09
2.906685146384293168e-09
2.906685084872166210e-09
2.906685022117418756e-09
2.906684958094928505e-09
2.906684892779099594e-09
2.906684826143811727e-09
2.906684758162397428e-09
2.906684688807667684e-09
2.906684618051873481e-09
2.906684545866719037e-09
2.906684472223338231e-09
2.906684397092258204e-09
2.906684320443423762e-09
2.906684242246185796e-09
2.906684162469252063e-09
2.906684081080725237e-09
2.906683998048029292e-09
2.906683913337970297e-09
2.906683826916653286e-09
2.906683738749517411e-09
2.906683648801275976e-09
2.906683557035965235e-09
2.906683463416872017e-09
2.906683367906546961e-09
2.906683270466790453e-09
2.906683171058618710e-09
2.906683069642264199e-09
2.906682966177161154e-09
2.906682860621924489e-09
2.906682752934337387e-09
2.906682643071314077e-09
2.906682530988901077e-09
2.906682416642290014e-09
2.906682299985707607e-09
2.906682180972514931e-09
2.906682059555108157e-09
2.906681935684885460e-09
2.906681809312330568e-09
2.906681680386879170e-09
2.906681548856957797e-09
2.906681414669958175e-09
2.906681277772202072e-09
2.906681138108917724e-09
2.906680995624262996e-09
2.906680850261218673e-09
2.906680701961648433e-09
2.906680550666227298e-09
2.906680396314440387e-09
2.906680238844525434e-09
2.906680078193519103e-09
2.906679914297150290e-09
2.906679747089852108e-09
2.906679576504738320e-09
2.906679402473578106e-09
2.906679224926762977e-09
2.906679043793256729e-09
2.906678859000609095e-09
2.906678670474907764e-09
2.906678478140741161e-09
2.906678281921153366e-09
2.906678081737666444e-09
2.906677877510208900e-09
2.906677669157092924e-09
2.906677456594954428e-09
2.906677239738776203e-09
2.906677018501818020e-09
2.906676792795567419e-09
2.906676562529752939e-09
2.906676327612260573e-09
2.906676087949121364e-09
2.906675843444463837e-09
2.906675594000491256e-09
2.906675339517409244e-09
2.906675079893425781e-09
2.906674815024693304e-09
2.906674544805258662e-09
2.906674269127029202e-09
2.906673987879725618e-09
2.906673700950855895e-09
2.906673408225634663e-09
2.906673109586969542e-09
2.906672804915414411e-09
2.906672494089074694e-09
2.906672176983629695e-09
2.906671853472226717e-09
2.906671523425469483e-09
2.906671186711309362e-09
2.906670843195084246e-09
2.906670492739359729e-09
2.906670135203968817e-09
2.906669770445890740e-09
2.906669398319203394e-09
2.906669018675061418e-09
2.906668631361586180e-09
2.906668236223869499e-09
2.906667833103839226e-09
2.906667421840249738e-09
2.906667002268585976e-09
2.906666574221004723e-09
2.906666137526286210e-09
2.906665692009761738e-09
2.906665237493198699e-09
2.906664773794795203e-09
2.906664300729054757e-09
2.906663818106758142e-09
2.906663325734846365e-09
2.906662823416361933e-09
2.906662310950364476e-09
2.906661788131871195e-09
2.906661254751738983e-09
2.906660710596627622e-09
2.906660155448835168e-09
2.906659589086331041e-09
2.906659011282532688e-09
2.906658421806326673e-09
2.906657820421917718e-09
2.906657206888729853e-09
2.906656580961349759e-09
2.906655942389406407e-09
2.906655290917440367e-09
2.906654626284881063e-09
2.906653948225844106e-09
2.906653256469106487e-09
2.906652550737965951e-09
2.906651830750097070e-09
2.906651096217514845e-09
2.906650346846387352e-09
2.906649582336972047e-09
2.906648802383430480e-09
2.906648006673776594e-09
2.906647194889736103e-09
2.906646366706556246e-09
2.906645521792969798e-09
2.906644659811004410e-09
2.906643780415841158e-09
2.906642883255718177e-09
2.906641967971765641e-09
2.906641034197837841e-09
2.906640081560431298e-09
2.906639109678481689e-09
2.906638118163197995e-09
2.906637106617990954e-09
2.906636074638212081e-09
2.906635021811046138e-09
2.906633947715380439e-09
2.906632851921531878e-09
2.906631733991174554e-09
2.906630593477128424e-09
2.906629429923176909e-09
2.906628242863880784e-09
2.906627031824385435e-09
2.906625796320267841e-09
2.906624535857321499e-09
2.906623249931331023e-09
2.906621938027905877e-09
2.906620599622278958e-09
2.906619234179067954e-09
2.906617841152060692e-09
2.906616419984051766e-09
2.906614970106553031e-09
2.906613490939571908e-09
2.906611981891442651e-09
2.906610442358517386e-09
2.906608871724965523e-09
2.906607269362509887e-09
2.906605634630180628e-09
2.906603966874074101e-09
2.906602265427057976e-09
2.906600529608532180e-09
2.906598758724144764e-09
2.906596952065518103e-09
2.906595108909964348e-09
2.906593228520198809e-09
2.906591310144055813e-09
2.906589353014120616e-09
2.906587356347549487e-09
2.906585319345644949e-09
2.906583241193567511e-09
2.906581121060027542e-09
2.906578958096954809e-09
2.906576751439126663e-09
2.906574500203849988e-09
2.906572203490615023e-09
2.906569860380691700e-09
2.906567469936797532e-09
2.906565031202741095e-09
2.906562543202993965e-09
2.906560004942309800e-09
2.906557415405357899e-09
2.906554773556293894e-09
2.906552078338344509e-09
2.906549328673367911e-09
2.906546523461485612e-09
2.906543661580547291e-09
2.906540741885799498e-09
2.906537763209290092e-09
2.906534724359536126e-09
2.906531624120930754e-09
2.906528461253361908e-09
2.906525234491630370e-09
2.906521942544987797e-09
2.906518584096600704e-09
2.906515157803063669e-09
2.906511662293806661e-09
2.906508096170582595e-09
2.906504458006886661e-09
2.906500746347397553e-09
2.906496959707418717e-09
2.906493096572250102e-09
2.906489155396557850e-09
2.906485134603851521e-09
2.906481032585748722e-09
2.906476847701356384e-09
2.906472578276714477e-09
2.906468222603961803e-09
2.906463778940792947e-09
2.906459245509684042e-09
2.906454620497466351e-09
2.906449902055221219e-09
2.906445088298255258e-09
2.906440177306125987e-09
2.906435167122643901e-09
2.906430055755846417e-09
2.906424841178038814e-09
2.906419521325767771e-09
2.906414094099800679e-09
2.906408557365197614e-09
2.906402908951217443e-09
2.906397146651424954e-09
2.906391268223599031e-09
2.906385271389767398e-09
2.906379153836245083e-09
2.906372913213563698e-09
2.906366547136544635e-09
2.906360053184251927e-09
2.906353428899994310e-09
2.906346671791363688e-09
2.906339779330209904e-09
2.906332748952621717e-09
2.906325578058997108e-09
2.906318264013939886e-09
2.906310804146379216e-09
2.906303195749476970e-09
2.906295436080676539e-09
2.906287522361693723e-09
2.906279451778516742e-09
2.906271221481410364e-09
2.906262828584917150e-09
2.906254270167859519e-09
2.906245543273329412e-09
2.906236644908727166e-09
2.906227572045716848e-09
2.906218321620249415e-09
2.906208890532580501e-09
2.906199275647247251e-09
2.906189473793083215e-09
2.906179481763208420e-09
2.906169296315057495e-09
2.906158914170368087e-09
2.906148332015150674e-09
2.906137546499760940e-09
2.906126554238843529e-09
2.906115351811348170e-09
2.906103935760566907e-09
2.906092302594066681e-09
2.906080448783777007e-09
2.906068370765931665e-09
2.906056064941073245e-09
2.906043527674116426e-09
2.906030755294268982e-09
2.906017744095092167e-09
2.906004490334496577e-09
2.905990990234707408e-09
2.905977239982340147e-09
2.905963235728299235e-09
2.905948973587912081e-09
2.905934449640825239e-09
2.905919659931035022e-09
2.905904600466937131e-09
2.905889267221285294e-09
2.905873656131206983e-09
2.905857763098197211e-09
2.905841583988145418e-09
2.905825114631342908e-09
2.905808350822451011e-09
2.905791288320541609e-09
2.905773922849067360e-09
2.905756250095939041e-09
2.905738265713410980e-09
2.905719965318219195e-09
2.905701344491478414e-09
2.905682398778749075e-09
2.905663123690042286e-09
2.905643514699767302e-09
2.905623567246820861e-09
2.905603276734522249e-09
2.905582638530679889e-09
2.905561647967513582e-09
2.905540300341782313e-09
2.905518590914658930e-09
2.905496514911844293e-09
2.905474067523503997e-09
2.905451243904299392e-09
2.905428039173419839e-09
2.905404448414540530e-09
2.905380466675868804e-09
2.905356088970126367e-09
2.905331310274583204e-09
2.905306125531052202e-09
2.905280529645863512e-09
2.905254517489943536e-09
2.905228083898752898e-09
2.905201223672355507e-09
2.905173931575368103e-09
2.905146202337027668e-09
2.905118030651155861e-09
2.905089411176154467e-09
2.905060338535112518e-09
2.905030807315672702e-09
2.905000812070160401e-09
2.904970347315547301e-09
2.904939407533424918e-09
2.904907987170089384e-09
2.904876080636502157e-09
2.904843682308291262e-09
2.904810786525821601e-09
2.904777387594134981e-09
2.904743479783010087e-09
2.904709057326938080e-09
2.904674114425183392e-09
2.904638645241723758e-09
2.904602643905347822e-09
2.904566104509582761e-09
2.904529021112768314e-09
2.904491387738033210e-09
2.904453198373322464e-09
2.904414446971456936e-09
2.904375127450029101e-09
2.904335233691465508e-09
2.904294759543194692e-09
2.904253698817376690e-09
2.904212045291169389e-09
2.904169792706586257e-09
2.904126934770550102e-09
2.904083465155013847e-09
2.904039377496776065e-09
2.903994665397662134e-09
2.903949322424481634e-09
2.903903342109033313e-09
2.903856717948122872e-09
2.903809443403602251e-09
2.903761511902364258e-09
2.903712916836372759e-09
2.903663651562667226e-09
2.903613709403383420e-09
2.903563083645793091e-09
2.903511767542277099e-09
2.903459754310379178e-09
2.903407037132814209e-09
2.903353609157488072e-09
2.903299463497516258e-09
2.903244593231234208e-09
2.903188991402215926e-09
2.903132651019320297e-09
2.903075565056687371e-09
2.903017726453748698e-09
2.902959128115272412e-09
2.902899762911373981e-09
2.902839623677549712e-09
2.902778703214664341e-09
2.902716994288998595e-09
2.902654489632271115e-09
2.902591181941662442e-09
2.902527063879817084e-09
2.902462128074901011e-09
2.902396367120592133e-09
2.902329773576105538e-09
2.902262339966265451e-09
2.902194058781460569e-09
2.902124922477693690e-09
2.902054923476654507e-09
2.901984054165677006e-09
2.901912306897789511e-09
2.901839673991753977e-09
2.901766147732070124e-09
2.901691720369050711e-09
2.901616384118756600e-09
2.901540131163118772e-09
2.901462953649922187e-09
2.901384843692834331e-09
2.901305793371423408e-09
2.901225794731224103e-09
2.901144839783747096e-09
2.901062920506483609e-09
2.900980028842962480e-09
2.900896156702817172e-09
2.900811295961712558e-09
2.900725438461483481e-09
2.900638576010108281e-09
2.900550700381756771e-09
2.900461803316821258e-09
2.900371876521954179e-09
2.900280911670064792e-09
2.900188900400439119e-09
2.900095834318669218e-09
2.900001704996771059e-09
2.899906503973152267e-09
2.899810222752706000e-09
2.899712852806827085e-09
2.899614385573425249e-09
2.899514812456975165e-09
2.899414124828580147e-09
2.899312314025963048e-09
2.899209371353543188e-09
2.899105288082450830e-09
2.899000055450593357e-09
2.898893664662637898e-09
2.898786106890145331e-09
2.898677373271495840e-09
2.898567454912027052e-09
2.898456342884028247e-09
2.898344028226772615e-09
2.898230501946609909e-09
2.898115755016938724e-09
2.897999778378311555e-09
2.897882562938444722e-09
2.897764099572289094e-09
2.897644379122028435e-09
2.897523392397173700e-09
2.897401130174577101e-09
2.897277583198502000e-09
2.897152742180638216e-09
2.897026597800172331e-09
2.896899140703852212e-09
2.896770361505989081e-09
2.896640250788531131e-09
2.896508799101140454e-09
2.896375996961183945e-09
2.896241834853823460e-09
2.896106303232055939e-09
2.895969392516767170e-09
2.895831093096786797e-09
2.895691395328930921e-09
2.895550289538092258e-09
2.895407766017190931e-09
2.895263815027384977e-09
2.895118426797972333e-09
2.894971591526544690e-09
2.894823299379020992e-09
2.894673540489671840e-09
2.894522304961226611e-09
2.894369582864872631e-09
2.894215364240378424e-09
2.894059639096115634e-09
2.893902397409076394e-09
2.893743629125042900e-09
2.893583324158541501e-09
2.893421472392968016e-09
2.893258063680627855e-09
2.893093087842777376e-09
2.892926534669749204e-09
2.892758393920935686e-09
2.892588655324903043e-09
2.892417308579471191e-09
2.892244343351711265e-09
2.892069749278074238e-09
