2.948757797106067662e-10
3.601302815015009699e-10
3.600841700739802702e-10
3.600380527378171032e-10
3.599919294913102170e-10
3.599458003300590624e-10
3.598996652610820600e-10
3.598535242798963047e-10
3.598073773761423931e-10
3.597612245538076460e-10
3.597150658139767039e-10
3.596689011464039012e-10
3.596227305551701332e-10
3.595765540349606611e-10
3.595303715811756370e-10
3.594841831951413416e-10
3.594379888772964390e-10
3.593917886196911033e-10
3.593455824208432335e-10
3.592993702841288123e-10
3.592531521984984126e-10
3.592069281649642452e-10
3.591606981870112218e-10
3.591144622561921741e-10
3.590682203706485307e-10
3.590219725312411798e-10
3.589757187316261113e-10
3.589294589729000116e-10
3.588831932499797009e-10
3.588369215597246327e-10
3.587906439058265143e-10
3.587443602826612928e-10
3.586980706843494202e-10
3.586517751116041848e-10
3.586054735641998694e-10
3.585591660366491132e-10
3.585128525266595401e-10
3.584665330365365541e-10
3.584202075575673586e-10
3.583738760896341836e-10
3.583275386299764689e-10
3.582811951790807519e-10
3.582348457362940252e-10
3.581884902924772354e-10
3.581421288476682261e-10
3.580957614014025353e-10
3.580493879530143344e-10
3.580030084946060130e-10
3.579566230254607675e-10
3.579102315471480180e-10
3.578638340541606027e-10
3.578174305426508911e-10
3.577710210150795387e-10
3.577246054676656062e-10
3.576781838919589267e-10
3.576317562929103831e-10
3.575853226686180285e-10
3.575388830106048644e-10
3.574924373181518640e-10
3.574459855925253375e-10
3.573995278277824573e-10
3.573530640231954081e-10
3.573065941797841551e-10
3.572601182881420004e-10
3.572136363473812242e-10
3.571671483562539728e-10
3.571206543169059010e-10
3.570741542250181955e-10
3.570276480700196430e-10
3.569811358575862020e-10
3.569346175862074405e-10
3.568880932477821067e-10
3.568415628421175193e-10
3.567950263699681704e-10
3.567484838268883261e-10
3.567019352062938871e-10
3.566553805086688059e-10
3.566088197358584708e-10
3.565622528801769778e-10
3.565156799374611271e-10
3.564691009090483663e-10
3.564225157944970326e-10
3.563759245882520395e-10
3.563293272857588788e-10
3.562827238889419864e-10
3.562361143915145310e-10
3.561894987889650695e-10
3.561428770841496499e-10
3.560962492725059574e-10
3.560496153494396758e-10
3.560029753151147420e-10
3.559563291653914273e-10
3.559096768980607974e-10
3.558630185095561530e-10
3.558163539943194608e-10
3.557696833555184606e-10
3.557230065890419613e-10
3.556763236854298603e-10
3.556296346479676671e-10
3.555829394714449712e-10
3.555362381534716857e-10
3.554895306944849758e-10
3.554428170841033627e-10
3.553960973222806796e-10
3.553493714069325346e-10
3.553026393332443229e-10
3.552559010973152677e-10
3.552091566986976574e-10
3.551624061297307655e-10
3.551156493859176247e-10
3.550688864659718140e-10
3.550221173677861942e-10
3.549753420855091345e-10
3.549285606093899850e-10
3.548817729427560797e-10
3.548349790795168361e-10
3.547881790101595736e-10
3.547413727324364807e-10
3.546945602404275809e-10
3.546477415311628304e-10
3.546009165968226325e-10
3.545540854312581917e-10
3.545072480286254770e-10
3.544604043787959203e-10
3.544135544798288525e-10
3.543666983249101148e-10
3.543198359019321612e-10
3.542729672017410491e-10
3.542260922203443914e-10
3.541792109462685207e-10
3.541323233683131532e-10
3.540854294769144265e-10
3.540385292625274520e-10
3.539916227121471409e-10
3.539447098107154974e-10
3.538977905494039193e-10
3.538508649109413408e-10
3.538039328759730279e-10
3.537569944326113615e-10
3.537100495675132976e-10
3.536630982544233484e-10
3.536161404713861756e-10
3.535691762033256889e-10
3.535222054274081879e-10
3.534752281104262484e-10
3.534282442291499504e-10
3.533812537597521496e-10
3.533342566629184507e-10
3.532872529076255483e-10
3.532402424607603685e-10
3.531932252778680020e-10
3.531462013179315093e-10
3.530991705416321522e-10
3.530521328924948466e-10
3.530050883182595105e-10
3.529580367687368568e-10
3.529109781732841618e-10
3.528639124654333792e-10
3.528168395830100987e-10
3.527697594404679733e-10
3.527226719518432919e-10
3.526755770338582504e-10
3.526284745827568446e-10
3.525813644900747582e-10
3.525342466483561114e-10
3.524871209322615863e-10
3.524399872040839642e-10
3.523928453187750048e-10
3.523456951205093389e-10
3.522985364450341256e-10
3.522513690979824972e-10
3.522041928854616638e-10
3.521570075989574874e-10
3.521098129946119020e-10
3.520626088262288154e-10
3.520153948225913694e-10
3.519681706854878734e-10
3.519209360956494101e-10
3.518736907082824400e-10
3.518264341494758903e-10
3.517791660140521918e-10
3.517318858630483069e-10
3.516845932229106761e-10
3.516372875757128768e-10
3.515899683660191026e-10
3.515426349919762036e-10
3.514952868022348685e-10
3.514479230909331878e-10
3.514005430839373315e-10
3.513531459634040568e-10
3.513057308276072343e-10
3.512582967006704036e-10
3.512108425379413786e-10
3.511633671937866950e-10
3.511158694350035678e-10
3.510683479259873025e-10
3.510208012191166128e-10
3.509732277465238458e-10
3.509256258113107887e-10
3.508779935743461431e-10
3.508303290426813251e-10
3.507826300581487118e-10
3.507348942882720117e-10
3.506871192046774194e-10
3.506393020611173395e-10
3.505914398967096261e-10
3.505435294955546253e-10
3.504955673735451598e-10
3.504475497643251895e-10
3.503994725858958070e-10
3.503513314103463203e-10
3.503031214511904279e-10
3.502548375208744163e-10
3.502064739993713348e-10
3.501580248057776299e-10
3.501094833417160000e-10
3.500608424694886248e-10
3.500120944630233389e-10
3.499632309451675510e-10
3.499142428417764628e-10
3.498651203320549355e-10
3.498158527762993340e-10
3.497664286496639345e-10
3.497168354697773996e-10
3.496670597188314113e-10
3.496170867553588092e-10
3.495669007198567279e-10
3.495164844376218787e-10
3.494658193085026248e-10
3.494148851767038032e-10
3.493636602254269204e-10
3.493121208254183973e-10
3.492602413729834101e-10
3.492079941441059203e-10
3.491553491155107412e-10
3.491022737692620742e-10
3.490487328846393348e-10
3.489946883198547873e-10
3.489400987657754583e-10
3.488849194809661228e-10
3.488291020128755679e-10
3.487725938913130293e-10
3.487153382847323649e-10
3.486572736515546949e-10
3.485983333465474250e-10
3.485384451929149266e-10
3.484775310353554809e-10
3.484155062289802415e-10
3.483522791227183652e-10
3.482877504682352535e-10
3.482218127919640180e-10
3.481543497253035791e-10
3.480852352572978956e-10
3.480143329615494487e-10
3.479414951149584398e-10
3.478665617757589122e-10
3.477893597941703612e-10
3.477097017043651609e-10
3.476273845635965713e-10
3.475421886782855358e-10
3.474538762347654524e-10
3.473621898256204659e-10
3.472668508324091799e-10
3.471675577066997984e-10
3.470639841085801352e-10
3.469557768863636803e-10
3.468425539001005465e-10
3.467239016824304829e-10
3.465993729037957320e-10
3.464684836590820833e-10
3.463307105118675224e-10
3.461854873391190367e-10
3.460322019383723666e-10
3.458701923370219948e-10
3.456987428703044492e-10
3.455170799412556820e-10
3.453243674762656231e-10
3.451197020408259536e-10
3.449021075978105897e-10
3.446705299266510964e-10
3.444238306123444227e-10
3.441607806223595663e-10
3.438800534793097582e-10
3.435802179643159203e-10
3.432597303319666550e-10
3.429169260642645273e-10
3.425500111100781543e-10
3.421570526089460834e-10
3.417359690944850611e-10
3.412845201622634792e-10
3.408002956381640758e-10
3.402807042146593976e-10
3.397229616015426865e-10
3.391240782019662306e-10
3.384808463917933096e-10
3.377898274184020816e-10
3.370473380210364341e-10
3.362494368812633996e-10
3.353919109844743266e-10
3.344702620982498173e-10
3.334796935080319649e-10
3.324150972824347530e-10
3.312710422710071202e-10
3.300417632067715219e-10
3.287211512827894013e-10
3.273027465515840580e-10
3.257797327578968551e-10
3.241449350953504957e-10
3.223908215267878921e-10
3.205095084378833734e-10
3.184927713647478570e-10
3.163320617209697450e-10
3.140185304644202799e-10
3.115430597641470517e-10
3.088963037418310629e-10
3.060687394147641645e-10
3.030507290460135280e-10
2.998325950568920015e-10
2.964047085925346848e-10
2.927575927799079497e-10
2.888820415081897029e-10
2.847692544056886489e-10
2.804109882972295616e-10
2.757997250307971068e-10
2.709288551381434855e-10
2.657928760381612021e-10
2.603876028636026323e-10
2.547103891536339904e-10
2.487603536797212113e-10
2.425386087498679128e-10
2.360484842759115788e-10
2.292957409369233064e-10
2.222887648145114363e-10
2.150387350743866866e-10
2.075597558535212220e-10
1.998689431410711243e-10
1.919864576409530898e-10
1.839354753792001096e-10
1.757420888253143595e-10
1.674351331240734929e-10
1.590459343848149688e-10
1.506079796735323441e-10
1.421565116986524996e-10
1.337280545179604285e-10
1.253598803159024755e-10
1.170894305122324217e-10
1.089537075459826023e-10
1.009886559915203951e-10
9.322855311426751412e-11
8.570542942665728981e-11
7.844853915769611708e-11
7.148389879596229564e-11
6.483390898977611082e-11
5.851707152697516236e-11
5.254780875066599562e-11
4.693638823889827561e-11
4.168895091275401242e-11
3.680763654310180573e-11
3.229079667711991628e-11
2.813328220732691900e-11
2.432679072488590037e-11
2.086025743594962760e-11
1.772027354356951651e-11
1.489151635796469377e-11
1.235717687510115138e-11
1.009937240848117065e-11
8.099533960966733682e-12
6.338760466840501631e-12
4.798134416102408722e-12
3.458995592206576079e-12
2.303171501220157064e-12
1.313165103997918539e-12
4.723016406933059687e-13
-2.351627360258319678e-13
-8.239667158509107743e-13
-1.307799912614594899e-12
-1.699285280103959259e-12
-2.009983327927181944e-12
-2.250414142345251096e-12
-2.430093648515882768e-12
-2.557580294471339926e-12
-2.640529455932456094e-12
-2.685752737776276614e-12
-2.699280131914663109e-12
-2.686422995174334423e-12
-2.651836668956636455e-12
-2.599581427473141320e-12
-2.533180710399090818e-12
-2.455676707516910523e-12
-2.369682079568607019e-12
-2.277428129473545071e-12
-2.180809067254077327e-12
-2.081422387917407530e-12
-1.980605734809041661e-12
-1.879470101306276439e-12
-1.778929328485572886e-12
-1.679727019137016370e-12
-1.582459874121517057e-12
-1.487598589005812668e-12
-1.395506486249960024e-12
-1.306455697345101433e-12
-1.220641006583568167e-12
-1.138192331501419238e-12
-1.059185778160335657e-12
-9.836524729311402754e-13
-9.115868222961698729e-13
-8.429528538693943825e-13
-7.776910348885849339e-13
-7.157227832742599905e-13
-6.569543714034576160e-13
-6.012812045204341311e-13
-5.485905492213953492e-13
-4.987640077875499108e-13
-4.516798633517090333e-13
-4.072143712705040804e-13
-3.652437794144068837e-13
-3.256454070819361989e-13
-2.882978625519474588e-13
-2.530830201055721614e-13
-2.198854352692530250e-13
-1.885934518676023230e-13
-1.590987760252886257e-13
-1.312983636943630217e-13
-1.050927504842902362e-13
-8.038628917012549462e-14
-5.708917396725363597e-14
-3.511522559473019543e-14
-1.438222824441781407e-14
5.187631002771071209e-15
2.366771196991620898e-14
4.112823815559703188e-14
5.763391810097849152e-14
7.324685977677237011e-14
8.802667590081651556e-14
1.020273802624978208e-13
1.153005327881014567e-13
1.278956336349539030e-13
1.398587949958518719e-13
1.512319005503950330e-13
1.620553435736749526e-13
1.723678580703227931e-13
1.822053279653305059e-13
1.915997387481508819e-13
2.005838201428140237e-13
2.091858674901361264e-13
2.174310586956737003e-13
2.253498087343182577e-13
2.329631359625082707e-13
2.402928638238172628e-13
2.473642128766930996e-13
2.541912186581874929e-13
2.607952043146063013e-13
2.671950061320577545e-13
2.734035825972001685e-13
2.794382919415831948e-13
2.853118849793388929e-13
2.910380024294277389e-13
2.966305381755203759e-13
3.020977877084453545e-13
3.074506210490632614e-13
3.127042001778276471e-13
3.178662856427432605e-13
3.229398187164537787e-13
3.279389607391636775e-13
3.328711249843807232e-13
3.377421213217543492e-13
3.425604190788678020e-13
3.473264887915689539e-13
3.520533873256299694e-13
3.567462317008596951e-13
3.614076635990949693e-13
3.660423378153329319e-13
3.706570746619949738e-13
3.752537368466584091e-13
3.798363822385963023e-13
3.844130305130794212e-13
3.889847507912386861e-13
3.935522100282215483e-13
3.981221980542602962e-13
4.026967926668807572e-13
4.072776572304218970e-13
4.118703197081176623e-13
4.164733209622655069e-13
4.210916616233957765e-13
4.257274123297632261e-13
4.303843544586397832e-13
4.350618119404782541e-13
4.397587099459988271e-13
4.444842607616458914e-13
4.492365646674855798e-13
4.540156566506374220e-13
4.588273880642610541e-13
4.636711915045657861e-13
4.685440249313476865e-13
4.734529275297463526e-13
4.784004690593598230e-13
4.833827372223400164e-13
4.884019056483892875e-13
4.934618022244211743e-13
4.985640122511547913e-13
5.037076306796012378e-13
5.088917946336508264e-13
5.141194970369821455e-13
5.193931931742504838e-13
5.247133150101469050e-13
5.300819397180364528e-13
5.354954353924975646e-13
5.409556454848793199e-13
5.464677529284935201e-13
5.520312814252631877e-13
5.576455120269124525e-13
5.633099279229173215e-13
5.690271464119845602e-13
5.748012542188943087e-13
5.806277991855693619e-13
5.865071319469938265e-13
5.924445877186322275e-13
5.984404766025001654e-13
6.044931425100798689e-13
6.106023141320490230e-13
6.167695510827368602e-13
6.229993903098445124e-13
6.292897145016811297e-13
6.356399816089730557e-13
6.420540904557834179e-13
6.485282038811952853e-13
6.550676633609330736e-13
6.616729136439345565e-13
6.683397362047697670e-13
6.750729487332054629e-13
6.818742697531677731e-13
6.887436847471084485e-13
6.956795293534900842e-13
7.026832029214070637e-13
7.097572932331596907e-13
7.169027328218770869e-13
7.241190707785641389e-13
7.314055451301110307e-13
7.387656495300200528e-13
7.461986152256421073e-13
7.537061703613200008e-13
7.612885056197726124e-13
7.689471272423201609e-13
7.766822195498869309e-13
7.844923507629415016e-13
7.923824680149881423e-13
8.003522858868436435e-13
8.084002244193482878e-13
8.165294383844661352e-13
8.247405297360412550e-13
8.330328056472372035e-13
8.414090064300376760e-13
8.498682066876057739e-13
8.584128530580502769e-13
8.670429770655416913e-13
8.757596343500582501e-13
8.845647726941761329e-13
8.934569089997054144e-13
9.024378617728801887e-13
9.115092026055744637e-13
9.206724563375892161e-13
9.299277803046020183e-13
9.392752614852124657e-13
9.487170625926324561e-13
9.582529989636614344e-13
9.678849267933386017e-13
9.776134133480639569e-13
9.874399981886375127e-13
9.973649637502866667e-13
1.007389517989583462e-12
1.017515746905054928e-12
1.027742541966157216e-12
1.038071632726383472e-12
1.048505572823733260e-12
1.059044815127156574e-12
1.069688598777487900e-12
1.080439097047498230e-12
1.091299052578973315e-12
1.102267292695517547e-12
1.113345502200763218e-12
1.124535834924594562e-12
1.135837646205640530e-12
1.147252945951310037e-12
1.158783451665671959e-12
1.170430629251134865e-12
1.182193301297601136e-12
1.194074434856632591e-12
1.206076668375284701e-12
1.218198321681864777e-12
1.230440952464476692e-12
1.242806718146859274e-12
1.255297502512379239e-12
1.267914261613733159e-12
1.280657750683702168e-12
1.293528531438645044e-12
1.306527837945484471e-12
1.319659719591645057e-12
1.332922635266085106e-12
1.346318009076381967e-12
1.359849237569503640e-12
1.373516473006471674e-12
1.387320520727237411e-12
1.401263436916677719e-12
1.415346278088347169e-12
1.429570619769494743e-12
1.443938551356863553e-12
1.458450555278413189e-12
1.473108296336934659e-12
1.487913193123717944e-12
1.502867126520808102e-12
1.517971119128007487e-12
1.533227249472325562e-12
1.548636083332400245e-12
1.564199924693594102e-12
1.579920799250774955e-12
1.595799279205853655e-12
1.611837589297718074e-12
1.628037025633368618e-12
1.644399323917744589e-12
1.660925384807955272e-12
1.677617651377024823e-12
1.694478333532299667e-12
1.711508184915028282e-12
1.728708882761530370e-12
1.746083039087208845e-12
1.763631266950557186e-12
1.781356211507829399e-12
1.799259112577620724e-12
1.817341509728595248e-12
1.835606904570512883e-12
1.854054663027994097e-12
1.872688285309346233e-12
1.891509284236284453e-12
1.910518948056050053e-12
1.929720455022362635e-12
1.949113971809847342e-12
1.968703084311097617e-12
1.988489017135004354e-12
2.008473188134461712e-12
2.028659252808033754e-12
2.049047561607355236e-12
2.069640656286825521e-12
2.090440791299490340e-12
2.111449842681295538e-12
2.132670868605516362e-12
2.154104217604303245e-12
2.175753202777044965e-12
2.197620407757605039e-12
2.219706610844196564e-12
2.242014638027054916e-12
2.264547383106749442e-12
2.287306970731699718e-12
2.310294302459678806e-12
2.333512987973265175e-12
2.356965487921284967e-12
2.380653414131048616e-12
2.404579329296493083e-12
2.428745843337743310e-12
2.453155248398441922e-12
2.477809468409144050e-12
2.502711672547748458e-12
2.527864652966519237e-12
2.553270435534620414e-12
2.578931090109573503e-12
2.604849460298334243e-12
2.631028427118441707e-12
2.657470833532894757e-12
2.684179101034506349e-12
2.711155671195408883e-12
2.738402996520386639e-12
2.765924181137910749e-12
2.793722289029711854e-12
2.821799617249583968e-12
2.850159141966227171e-12
2.878803759664370700e-12
2.907736259354709285e-12
2.936959750376365861e-12
2.966476540181960388e-12
2.996289875038236381e-12
3.026403214494787997e-12
3.056818916014168662e-12
3.087540545232071479e-12
3.118570858949059237e-12
3.149912516388129846e-12
3.181569941999371098e-12
3.213545488224232971e-12
3.245841665657138353e-12
3.278463040934089875e-12
3.311412403904321264e-12
3.344692374243888779e-12
3.378306959707761202e-12
3.412259578288879809e-12
3.446553464967675728e-12
3.481191974399556098e-12
3.516178207267076363e-12
3.551516199130438119e-12
3.587209731859811104e-12
3.623261755645051128e-12
3.659676126559819285e-12
3.696456415172001923e-12
3.733606465184265165e-12
3.771129859104140281e-12
3.809030133298617651e-12
3.847311337243854371e-12
3.885977490332228180e-12
3.925032281592167816e-12
3.964479341907795581e-12
4.004322986689094564e-12
4.044566953007917350e-12
4.085215395309711852e-12
4.126272557322797121e-12
4.167742361520540123e-12
4.209628848241956703e-12
4.251936118160173105e-12
4.294668636070848730e-12
4.337830939634459641e-12
4.381426648061707340e-12
4.425460636789536643e-12
4.469937324147718319e-12
4.514860470568421350e-12
4.560235671494102705e-12
4.606066888744595622e-12
4.652358348323838079e-12
4.699115321709813586e-12
4.746342135953546435e-12
4.794043517053097386e-12
4.842224522372370440e-12
4.890889500913625114e-12
4.940043542642844445e-12
4.989691805314290655e-12
5.039838906054768447e-12
5.090489955417239378e-12
5.141650288237808929e-12
5.193324664179576293e-12
5.245518077714590027e-12
5.298236282499056381e-12
5.351484424775931255e-12
5.405267643050641513e-12
5.459591203093459652e-12
5.514460860006691846e-12
5.569882107044768194e-12
5.625860145282889978e-12
5.682400643805485592e-12
5.739509657047736184e-12
5.797192722386429370e-12
5.855455253540901564e-12
5.914303179087733290e-12
5.973742737969521846e-12
6.033779803003116422e-12
6.094420023270099384e-12
6.155669816579945239e-12
6.217535182100973390e-12
6.280022169352349017e-12
6.343137202649221172e-12
6.406886570901104806e-12
6.471276553615132177e-12
6.536313727192360398e-12
6.602004641499386143e-12
6.668355620877143986e-12
6.735373389080250349e-12
6.803064733269324780e-12
6.871436448098970953e-12
6.940495222606988128e-12
7.010248033189032744e-12
7.080701963152146117e-12
7.151863781029912345e-12
7.223740878998454336e-12
7.296340433091987876e-12
7.369669525625948096e-12
7.443735508523009097e-12
7.518546000405880139e-12
7.594108308554205575e-12
7.670429969613208856e-12
7.747518698772386167e-12
7.825381973335384091e-12
7.904027949516850817e-12
7.983464357526239401e-12
8.063699159432462074e-12
8.144740250329783370e-12
8.226595693382283324e-12
8.309273826258674837e-12
8.392782837881553750e-12
8.477131246296265852e-12
8.562327391688128972e-12
8.648379557559725285e-12
8.735296597163419363e-12
8.823087240208204412e-12
8.911760175798772618e-12
9.001324246632004777e-12
9.091788340935699345e-12
9.183161650237722704e-12
9.275453333877183512e-12
9.368672504153241678e-12
9.462828505335797932e-12
9.557930677007695617e-12
9.653988740949843403e-12
9.751012151326876561e-12
9.849010587775770819e-12
9.947994021971006571e-12
1.004797206883941086e-11
1.014895498058878152e-11
1.025095280985216302e-11
1.035397557016607135e-11
1.045803381096627204e-11
1.056313778542926087e-11
1.066929800792217756e-11
1.077652522747045608e-11
1.088482991265408150e-11
1.099422315432982419e-11
1.110471580989982436e-11
1.121631881735583790e-11
1.132904336632321696e-11
1.144290084343744521e-11
1.155790270589173709e-11
1.167406012400879257e-11
1.179138496179829702e-11
1.190988896812338793e-11
1.202958377304936178e-11
1.215048154802282006e-11
1.227259435796660071e-11
1.239593429797142450e-11
1.252051385658508806e-11
1.264634541316246454e-11
1.277344140755070107e-11
1.290181482580074990e-11
1.303147832999567367e-11
1.316244483112693948e-11
1.329472767879551633e-11
1.342833978329748546e-11
1.356329463878593174e-11
1.369960589963074351e-11
1.383728696035351939e-11
1.397635159998945227e-11
1.411681377985298996e-11
1.425868765914795474e-11
1.440198735338289587e-11
1.454672703314967506e-11
1.469292130172163054e-11
1.484058485903458028e-11
1.498973232299045630e-11
1.514037860163779273e-11
1.529253891543756348e-11
1.544622833057208445e-11
1.560146213376304121e-11
1.575825609624513691e-11
1.591662576831880382e-11
1.607658691072900600e-11
1.623815560981149806e-11
1.640134798694853330e-11
1.656618039157030520e-11
1.673266923002186397e-11
1.690083117002279959e-11
1.707068307346019347e-11
1.724224188179175314e-11
1.741552475827778986e-11
1.759054902420013275e-11
1.776733215917145553e-11
1.794589176435026388e-11
1.812624588387442808e-11
1.830841245525430511e-11
1.849240953118066091e-11
1.867825571631134410e-11
1.886596957271553959e-11
1.905556976138979883e-11
1.924707526991161837e-11
1.944050529359472737e-11
1.963587906814586795e-11
1.983321618362860894e-11
2.003253645737462510e-11
2.023385967537545295e-11
2.043720594207562952e-11
2.064259571494461886e-11
2.085004948240217889e-11
2.105958790594181356e-11
2.127123195483495786e-11
2.148500287865445797e-11
2.170092195423790871e-11
2.191901079932082451e-11
2.213929116266513697e-11
2.236178509033513506e-11
2.258651485583612356e-11
2.281350288717349765e-11
2.304277188082089606e-11
2.327434469092917441e-11
2.350824455605784531e-11
2.374449485490696333e-11
2.398311912847691557e-11
2.422414121231229352e-11
2.446758524966256608e-11
2.471347557335372812e-11
2.496183679176070349e-11
2.521269363902929596e-11
2.546607113787807748e-11
2.572199477040449296e-11
2.598049003412947742e-11
2.624158266135647457e-11
2.650529898736036802e-11
2.677166516252482794e-11
2.704070780568519876e-11
2.731245391288956637e-11
2.758693051292079760e-11
2.786416471312302470e-11
2.814418246276034495e-11
2.842700810785897895e-11
2.871266421451488410e-11
2.900117155506299420e-11
2.929254932394456322e-11
2.958681508452744259e-11
2.988398483376590439e-11
3.018407323677772158e-11
3.048709340324489893e-11
3.079305715061143514e-11
3.110197496233886481e-11
3.141385603833909853e-11
3.172870853957846373e-11
3.204653928719670873e-11
3.236735409832231106e-11
3.269115774075166529e-11
3.301795391701720962e-11
3.334774549197182500e-11
3.368053431713270230e-11
3.401632135000526699e-11
3.435510683813904671e-11
3.469689011011944817e-11
3.504166983091316479e-11
3.538944392178660502e-11
3.574020956695327727e-11
3.609396341977471721e-11
3.645070143293078899e-11
3.681041901250092494e-11
3.717311101600269943e-11
3.753877177924713282e-11
3.790739515030670169e-11
3.827897454391255837e-11
3.865350288796601458e-11
3.903097272390222631e-11
3.941137626296932028e-11
3.979470527990829132e-11
4.018095123639965335e-11
4.057010530197820364e-11
4.096215835292966721e-11
4.135710096085096991e-11
4.175492342307340499e-11
4.215561589674568943e-11
4.255916823758318142e-11
4.296557008279170927e-11
4.337481097277180524e-11
4.378688018181203047e-11
4.420176689720771170e-11
4.461946013409866469e-11
4.503994873806584993e-11
4.546322154750010904e-11
4.588926717719627802e-11
4.631807419276396088e-11
4.674963112365327205e-11
4.718392633359501682e-11
4.762094820730158540e-11
4.806068501374570735e-11
4.850312503450690058e-11
4.894825647298867042e-11
4.939606745993204982e-11
4.984654624479861979e-11
5.029968093954253242e-11
5.075545964536995557e-11
5.121387052186558088e-11
5.167490172735031663e-11
5.213854140989563124e-11
5.260477769313094338e-11
5.307359877207727812e-11
5.354499286493448914e-11
5.401894821821251854e-11
5.449545305055669552e-11
5.497449569000530510e-11
5.545606448245755550e-11
5.594014777826934900e-11
5.642673404652145929e-11
5.691581171046100239e-11
5.740736933336027365e-11
5.790139549106250358e-11
5.839787879962711287e-11
5.889680794718337142e-11
5.939817171459481119e-11
5.990195888958548380e-11
6.040815833708111219e-11
6.091675902383707501e-11
6.142774992651953787e-11
6.194112015028329341e-11
6.245685880329981028e-11
6.297495509473068914e-11
6.349539831710499330e-11
6.401817781391464213e-11
6.454328299776018163e-11
6.507070333896203255e-11
6.560042843847531108e-11
6.613244791805692928e-11
6.666675147501683491e-11
6.720332889083239962e-11
6.774217001790486954e-11
6.828326478172360586e-11
6.882660316250109838e-11
6.937217528842023466e-11
6.991997125428929711e-11
7.046998128418000492e-11
7.102219570028425445e-11
7.157660481310293320e-11
7.213319910247543081e-11
7.269196907443050227e-11
7.325290527770390158e-11
7.381599839933993611e-11
7.438123914269563869e-11
7.494861829224545722e-11
7.551812672457620400e-11
7.608975537461183667e-11
7.666349522956875834e-11
7.723933737010010439e-11
7.781727292901347160e-11
7.839729310388701221e-11
7.897938918698607518e-11
7.956355250475233358e-11
8.014977447357467960e-11
8.073804652878435099e-11
8.132836021675411228e-11
8.192070719147249915e-11
8.251507901823511831e-11
8.311146746426496556e-11
8.370986435623165097e-11
8.431026146107854454e-11
8.491265075156136249e-11
8.551702415765126096e-11
8.612337370916644206e-11
8.673169151433606554e-11
8.734196966931201478e-11
8.795420038508342496e-11
8.856837593125443173e-11
8.918448861470024892e-11
8.980253079310176918e-11
9.042249488245367557e-11
9.104437335606184695e-11
9.166815874600122507e-11
9.229384361257572471e-11
9.292142058856621847e-11
9.355088236296095394e-11
9.418222165602182263e-11
9.481543124193246178e-11
9.545050393905873251e-11
9.608743262672312844e-11
9.672621023675897725e-11
9.736682972535256642e-11
9.800928409263640237e-11
9.865356641012701109e-11
9.929966978584495476e-11
9.994758735572113606e-11
1.005973122979569379e-10
1.012488378475363707e-10
1.019021572930793866e-10
1.025572639395614312e-10
1.032141511320325759e-10
1.038728122721919428e-10
1.045332407861244684e-10
1.051954301430486806e-10
1.058593738712859895e-10
1.065250654935725134e-10
1.071924985918228494e-10
1.078616668150870334e-10
1.085325637918081193e-10
1.092051832017839717e-10
1.098795187902816420e-10
1.105555643122202938e-10
1.112333135589489003e-10
1.119127603307977550e-10
1.125938984993022286e-10
1.132767219610961868e-10
1.139612246069338051e-10
1.146474003922788617e-10
1.153352433049370306e-10
1.160247473483424262e-10
1.167159065388828501e-10
1.174087149541512395e-10
1.181031666936662332e-10
1.187992558447954325e-10
1.194969765649337657e-10
1.201963230373580738e-10
1.208972894369637642e-10
1.215998699885939691e-10
1.223040589390455817e-10
1.230098505520252900e-10
1.237172391336855987e-10
1.244262189826951994e-10
1.251367844318572703e-10
1.258489298531522800e-10
1.265626496259122129e-10
1.272779381547872684e-10
1.279947898466096448e-10
1.287131991520301411e-10
1.294331605435509539e-10
1.301546684933307670e-10
1.308777175006041864e-10
1.316023020914974597e-10
1.323284167991099673e-10
1.330560561713220313e-10
1.337852147961697155e-10
1.345158872483705191e-10
1.352480681376275456e-10
1.359817520927032252e-10
1.367169337346283053e-10
1.374536077287292875e-10
1.381917687322660860e-10
1.389314114318323778e-10
1.396725305245570709e-10
1.404151207159361862e-10
1.411591767229972367e-10
1.419046932796886454e-10
1.426516651440026754e-10
1.434000870663557783e-10
1.441499538155709322e-10
1.449012601802011564e-10
1.456540009577386819e-10
1.464081709414420224e-10
1.471637649472343889e-10
1.479207778083914061e-10
1.486792043461485163e-10
1.494390394022039042e-10
1.502002778415233627e-10
1.509629145226610527e-10
1.517269443059414051e-10
1.524923620784847979e-10
1.532591627231057465e-10
1.540273411149328365e-10
1.547968921753281819e-10
1.555678107998006771e-10
1.563400918924218280e-10
1.571137303935616355e-10
1.578887212065972133e-10
1.586650592651951940e-10
1.594427395077948611e-10
1.602217568769203748e-10
1.610021063110244863e-10
1.617837827475958935e-10
1.625667811617237200e-10
1.633510965000812638e-10
1.641367237146933711e-10
1.649236577756453689e-10
1.657118936425889673e-10
1.665014262949407368e-10
1.672922506889419735e-10
1.680843618007129848e-10
1.688777546163811283e-10
1.696724240912726832e-10
1.704683652227378059e-10
1.712655729839848695e-10
0.000000000000000000e+00
