9.536743e-07
4.768372e-07
4.768372e-07
9.536743e-07
0.000000e+00
9.536743e-07
1.430511e-06
2.384186e-06
1.907349e-06
1.907349e-06
2.384186e-06
4.768372e-06
6.198883e-06
3.814697e-06
8.106232e-06
9.059906e-06
1.239777e-05
9.059906e-06
1.621246e-05
2.050400e-05
2.527237e-05
3.290176e-05
3.433228e-05
4.148483e-05
3.671646e-05
5.817413e-05
6.008148e-05
8.964539e-05
9.441376e-05
1.001358e-04
1.325607e-04
1.707077e-04
1.845360e-04
2.059937e-04
2.312660e-04
2.985001e-04
3.271103e-04
3.871918e-04
4.429817e-04
4.820824e-04
5.536079e-04
6.508827e-04
7.553101e-04
8.292198e-04
9.250641e-04
1.055717e-03
1.163483e-03
1.304150e-03
1.450062e-03
1.664639e-03
1.786709e-03
2.043724e-03
2.221107e-03
2.411842e-03
2.662182e-03
2.849579e-03
3.218651e-03
3.450394e-03
3.767014e-03
4.220963e-03
4.493237e-03
4.818439e-03
5.163193e-03
5.628109e-03
5.985737e-03
6.455421e-03
6.742477e-03
7.204056e-03
7.710934e-03
8.193493e-03
8.664131e-03
9.116650e-03
9.668350e-03
1.005268e-02
1.049042e-02
1.096821e-02
1.134443e-02
1.188898e-02
1.251507e-02
1.287365e-02
1.323652e-02
1.370001e-02
1.397657e-02
1.426601e-02
1.479578e-02
1.515198e-02
1.550484e-02
1.589823e-02
1.609325e-02
1.602745e-02
1.651716e-02
1.681089e-02
1.691961e-02
1.701736e-02
1.707172e-02
1.712990e-02
1.680756e-02
1.705265e-02
1.718092e-02
1.704025e-02
1.699638e-02
1.681757e-02
1.666117e-02
1.620626e-02
1.640034e-02
1.614189e-02
1.577139e-02
1.546860e-02
1.516104e-02
1.478577e-02
1.432228e-02
1.431656e-02
1.382160e-02
1.336145e-02
1.280499e-02
1.259995e-02
1.206827e-02
1.146173e-02
1.129103e-02
1.091957e-02
1.047039e-02
1.011992e-02
9.779930e-03
9.381294e-03
8.668423e-03
8.461952e-03
8.114338e-03
7.590294e-03
7.300377e-03
6.907940e-03
6.507397e-03
6.101131e-03
5.833149e-03
5.426407e-03
5.128860e-03
4.800320e-03
4.521370e-03
4.256725e-03
3.951550e-03
3.769875e-03
3.487587e-03
3.314972e-03
3.020763e-03
2.848625e-03
2.595901e-03
2.412796e-03
2.236843e-03
2.060413e-03
1.949787e-03
1.788616e-03
1.679420e-03
1.533985e-03
1.383305e-03
1.304626e-03
1.202106e-03
1.091957e-03
1.013756e-03
9.255409e-04
8.306503e-04
7.534027e-04
7.133484e-04
6.594658e-04
6.103516e-04
5.316734e-04
4.792213e-04
4.320145e-04
3.938675e-04
3.652573e-04
3.080368e-04
2.837181e-04
2.779961e-04
2.493858e-04
2.303123e-04
1.978874e-04
1.749992e-04
1.711845e-04
1.435280e-04
1.301765e-04
1.230240e-04
1.006126e-04
8.821487e-05
8.058548e-05
6.771088e-05
6.532669e-05
6.675720e-05
5.483627e-05
4.911423e-05
4.053116e-05
3.862381e-05
2.813339e-05
2.813339e-05
2.098083e-05
2.431870e-05
2.241135e-05
1.287460e-05
1.001358e-05
1.764297e-05
1.716614e-05
9.059906e-06
8.583069e-06
1.144409e-05
8.583069e-06
6.198883e-06
4.291534e-06
5.245209e-06
3.814697e-06
4.768372e-06
1.907349e-06
1.430511e-06
1.907349e-06
1.907349e-06
2.384186e-06
4.768372e-07
1.907349e-06
9.536743e-07
9.536743e-07
9.536743e-07
9.536743e-07
1.907349e-06
9.536743e-07
1.430511e-06
4.768372e-07
0.000000e+00
4.768372e-07
4.768372e-07
4.768372e-07
4.768372e-07
0.000000e+00
0.000000e+00
0.000000e+00
0.000000e+00
0.000000e+00
4.768372e-07
0.000000e+00
0.000000e+00
0.000000e+00
0.000000e+00
0.000000e+00
0.000000e+00
0.000000e+00
0.000000e+00
0.000000e+00
0.000000e+00
0.000000e+00
0.000000e+00
0.000000e+00
0.000000e+00
0.000000e+00
0.000000e+00
0.000000e+00
0.000000e+00
0.000000e+00
0.000000e+00
0.000000e+00
0.000000e+00
4.768372e-07

