0.000000 0.000000 1.000000e+00 2.916309e+00 1.357935e-05
0.097206 0.102962 1.059211e+00 2.909865e+00 1.303511e-05
0.188979 0.212016 1.121900e+00 2.903264e+00 1.109575e-05
0.275625 0.327518 1.188271e+00 2.896563e+00 1.116174e-05
0.357433 0.449843 1.258539e+00 2.889869e+00 1.040406e-05
0.434673 0.579390 1.332931e+00 2.883215e+00 9.566196e-06
0.507604 0.716578 1.411688e+00 2.876625e+00 9.042861e-06
0.576467 0.861854 1.495063e+00 2.869904e+00 9.573980e-06
0.641490 1.015688 1.583327e+00 2.863291e+00 8.644801e-06
0.702889 1.178578 1.676763e+00 2.856565e+00 7.861491e-06
0.760867 1.351051 1.775672e+00 2.849974e+00 7.171592e-06
0.815617 1.533665 1.880374e+00 2.843294e+00 6.852543e-06
0.867318 1.727008 1.991204e+00 2.836646e+00 6.577350e-06
0.916143 1.931705 2.108520e+00 2.830021e+00 6.169968e-06
0.962251 2.148415 2.232697e+00 2.823377e+00 5.789759e-06
1.005795 2.377836 2.364135e+00 2.816828e+00 5.244101e-06
1.046919 2.620706 2.503255e+00 2.810196e+00 4.908382e-06
1.085758 2.877805 2.650504e+00 2.803615e+00 4.833731e-06
1.122439 3.149961 2.806352e+00 2.797007e+00 4.946693e-06
1.157084 3.438045 2.971301e+00 2.790454e+00 4.428476e-06
1.189806 3.742983 3.145876e+00 2.783969e+00 4.299712e-06
1.220712 4.065752 3.330639e+00 2.777567e+00 3.804601e-06
1.249905 4.407388 3.526180e+00 2.771146e+00 3.871894e-06
1.277478 4.768986 3.733125e+00 2.764824e+00 3.741435e-06
1.303523 5.151705 3.952138e+00 2.758646e+00 3.333251e-06
1.328126 5.556771 4.183920e+00 2.752568e+00 3.176548e-06
1.351365 5.985486 4.429214e+00 2.746605e+00 3.144842e-06
1.373318 6.439224 4.688808e+00 2.740835e+00 2.852636e-06
1.394055 6.919443 4.963536e+00 2.735236e+00 2.735267e-06
1.413645 7.427687 5.254280e+00 2.729893e+00 2.366446e-06
1.432151 7.965593 5.561979e+00 2.724758e+00 2.260358e-06
1.449633 8.534893 5.887623e+00 2.719939e+00 2.213624e-06
1.466149 9.137425 6.232264e+00 2.715432e+00 2.021301e-06
1.481751 9.775134 6.597017e+00 2.711242e+00 1.945372e-06
1.496490 10.450082 6.983061e+00 2.707406e+00 1.824201e-06
1.510415 11.164453 7.391645e+00 2.703953e+00 1.738759e-06
1.523570 11.920557 7.824095e+00 2.700851e+00 1.690481e-06
1.535998 12.720843 8.281809e+00 2.698122e+00 1.577978e-06
1.547739 13.567901 8.766270e+00 2.695723e+00 1.475861e-06
1.558832 14.464473 9.279047e+00 2.693639e+00 1.364003e-06
1.569311 15.413461 9.821801e+00 2.691851e+00 1.296665e-06
1.579211 16.417933 1.039629e+01 2.690322e+00 1.224321e-06
1.588565 17.481141 1.100436e+01 2.689022e+00 1.164892e-06
1.597401 18.606523 1.164800e+01 2.687936e+00 1.097428e-06
1.605749 19.797716 1.232927e+01 2.687021e+00 1.067468e-06
1.613636 21.058574 1.305039e+01 2.686255e+00 1.032166e-06
1.621087 22.393171 1.381368e+01 2.685624e+00 9.833997e-07
1.628126 23.805822 1.462161e+01 2.685100e+00 9.171507e-07
1.634777 25.301092 1.547679e+01 2.684665e+00 8.522420e-07
1.641059 26.883815 1.638199e+01 2.684305e+00 8.260398e-07
1.646995 28.559106 1.734013e+01 2.684009e+00 7.962052e-07
1.652603 30.332379 1.835431e+01 2.683766e+00 7.650010e-07
1.657901 32.209365 1.942780e+01 2.683560e+00 7.497555e-07
1.662906 34.196131 2.056408e+01 2.683390e+00 7.331819e-07
1.667634 36.299097 2.176682e+01 2.683251e+00 7.130846e-07
1.672102 38.525059 2.303990e+01 2.683137e+00 6.879685e-07
1.676322 40.881212 2.438744e+01 2.683042e+00 6.663810e-07
1.680309 43.375170 2.581380e+01 2.682963e+00 6.584905e-07
1.684076 46.014992 2.732358e+01 2.682898e+00 6.478683e-07
1.687635 48.809211 2.892166e+01 2.682844e+00 6.359030e-07
1.690997 51.766855 3.061321e+01 2.682799e+00 6.236436e-07
1.694174 54.897484 3.240370e+01 2.682761e+00 6.172890e-07
1.697174 58.211215 3.429890e+01 2.682730e+00 6.155172e-07
1.700009 61.718758 3.630495e+01 2.682703e+00 6.143071e-07
1.702688 65.431446 3.842833e+01 2.682680e+00 6.139176e-07
1.705218 69.361280 4.067590e+01 2.682660e+00 6.145268e-07
1.707609 73.520960 4.305492e+01 2.682642e+00 6.162501e-07
1.709867 77.923927 4.557308e+01 2.682626e+00 6.191551e-07
1.712001 82.584413 4.823853e+01 2.682612e+00 6.232742e-07
1.714017 87.517477 5.105987e+01 2.682599e+00 6.286142e-07
1.715921 92.739063 5.404623e+01 2.682587e+00 6.351642e-07
1.717720 98.266046 5.720724e+01 2.682575e+00 6.429017e-07
1.719420 104.116286 6.055314e+01 2.682564e+00 6.517967e-07
1.721026 110.308692 6.409473e+01 2.682554e+00 6.618157e-07
1.722543 116.863274 6.784346e+01 2.682543e+00 6.729238e-07
1.723976 123.801216 7.181144e+01 2.682533e+00 6.850864e-07
1.725330 131.144940 7.601149e+01 2.682523e+00 6.982710e-07
1.726610 138.918178 8.045720e+01 2.682512e+00 7.124473e-07
1.727818 147.146052 8.516292e+01 2.682502e+00 7.275882e-07
1.728960 155.855152 9.014387e+01 2.682491e+00 7.440862e-07
1.730039 165.073623 9.541614e+01 2.682480e+00 7.616330e-07
1.731058 174.831258 1.009968e+02 2.682469e+00 7.800238e-07
1.732021 185.159590 1.069038e+02 2.682458e+00 7.992543e-07
1.732930 196.091999 1.131563e+02 2.682446e+00 8.193222e-07
1.733790 207.663814 1.197745e+02 2.682434e+00 8.402272e-07
1.734601 219.912434 1.267798e+02 2.682422e+00 8.619710e-07
1.735368 232.877442 1.341948e+02 2.682409e+00 8.845569e-07
1.736093 246.600738 1.420435e+02 2.682397e+00 9.079904e-07
1.736778 261.126673 1.503512e+02 2.682383e+00 9.322787e-07
1.737424 276.502190 1.591449e+02 2.682370e+00 9.574306e-07
1.738035 292.776980 1.684528e+02 2.682356e+00 9.834566e-07
1.738613 310.003638 1.783052e+02 2.682342e+00 1.010369e-06
1.739158 328.237836 1.887338e+02 2.682327e+00 1.038181e-06
1.739673 347.538503 1.997723e+02 2.682312e+00 1.066908e-06
1.740160 367.968014 2.114564e+02 2.682296e+00 1.096566e-06
1.740620 389.592392 2.238240e+02 2.682280e+00 1.127174e-06
1.741054 412.481521 2.369148e+02 2.682263e+00 1.158750e-06
1.741465 436.709373 2.507713e+02 2.682246e+00 1.191316e-06
1.741852 462.354246 2.654382e+02 2.682229e+00 1.224892e-06
1.742219 489.499018 2.809630e+02 2.682211e+00 1.259502e-06
1.742565 518.231414 2.973958e+02 2.682192e+00 1.295169e-06
1.742892 548.644291 3.147896e+02 2.682173e+00 1.331920e-06
1.743201 580.835934 3.332008e+02 2.682154e+00 1.369781e-06
1.743493 614.910378 3.526889e+02 2.682133e+00 1.408779e-06
1.743768 650.977745 3.733167e+02 2.682113e+00 1.448944e-06
1.744029 689.154594 3.951509e+02 2.682091e+00 1.490305e-06
1.744275 729.564303 4.182623e+02 2.682069e+00 1.532895e-06
1.744507 772.337466 4.427253e+02 2.682047e+00 1.576744e-06
1.744727 817.612315 4.686191e+02 2.682023e+00 1.621888e-06
1.744934 865.535168 4.960273e+02 2.681999e+00 1.668360e-06
1.745130 916.260898 5.250386e+02 2.681975e+00 1.716197e-06
1.745316 969.953438 5.557467e+02 2.681949e+00 1.765436e-06
1.745491 1026.786309 5.882508e+02 2.681923e+00 1.816116e-06
1.745656 1086.943180 6.226560e+02 2.681896e+00 1.868276e-06
1.745812 1150.618463 6.590735e+02 2.681869e+00 1.921958e-06
1.745960 1218.017940 6.976209e+02 2.681840e+00 1.977204e-06
1.746099 1289.359430 7.384229e+02 2.681811e+00 2.034058e-06
1.746231 1364.873489 7.816112e+02 2.681781e+00 2.092565e-06
1.746355 1444.804160 8.273255e+02 2.681750e+00 2.152771e-06
1.746473 1529.409759 8.757136e+02 2.681718e+00 2.214725e-06
1.746584 1618.963709 9.269317e+02 2.681685e+00 2.278476e-06
1.746689 1713.755426 9.811454e+02 2.681651e+00 2.344075e-06
1.746722 1746.238114 9.997230e+02 2.681640e+00 2.366137e-06
