0.000000e+00
4.874045e-05
8.256335e-05
1.173949e-04
1.522904e-04
1.878136e-04
2.211556e-04
2.553102e-04
2.894986e-04
3.238959e-04
3.577969e-04
3.910996e-04
4.248164e-04
4.588490e-04
4.919767e-04
5.248269e-04
5.575756e-04
5.902019e-04
6.227121e-04
6.550719e-04
6.872821e-04
7.187150e-04
7.501804e-04
7.815320e-04
8.124748e-04
8.429330e-04
8.734730e-04
9.038943e-04
9.331959e-04
9.627527e-04
9.913315e-04
1.020459e-03
1.048547e-03
1.076562e-03
1.104422e-03
1.131501e-03
1.158493e-03
1.184399e-03
1.210345e-03
1.236249e-03
1.260852e-03
1.285972e-03
1.310354e-03
1.333635e-03
1.357313e-03
1.380489e-03
1.402337e-03
1.424292e-03
1.445933e-03
1.467165e-03
1.486771e-03
1.506911e-03
1.526355e-03
1.546282e-03
1.563774e-03
1.581530e-03
1.599552e-03
1.614678e-03
1.633045e-03
1.647325e-03
1.664084e-03
1.677557e-03
1.691947e-03
1.705432e-03
1.725579e-03
1.752659e-03
1.777695e-03
1.802632e-03
1.827280e-03
1.849935e-03
1.872216e-03
1.895384e-03
1.915362e-03
1.935478e-03
1.955218e-03
1.974986e-03
1.993167e-03
2.009825e-03
2.028092e-03
2.044868e-03
2.060381e-03
2.076382e-03
2.092289e-03
2.108133e-03
2.123663e-03
2.138567e-03
2.158117e-03
2.169863e-03
2.193270e-03
2.212127e-03
2.239223e-03
2.262295e-03
2.280435e-03
2.299846e-03
2.315135e-03
2.329604e-03
2.342500e-03
2.355820e-03
2.367153e-03
2.376418e-03
2.384408e-03
2.394543e-03
2.401929e-03
2.407564e-03
2.411504e-03
2.417351e-03
2.421463e-03
2.424690e-03
2.425754e-03
2.427559e-03
2.428420e-03

