0.000000 0.000000e+00 1.000000e+00 -3.684886e-06
0.097206 1.029617e-01 1.059211e+00 -3.684456e-06
0.188979 2.120158e-01 1.121900e+00 -3.683965e-06
0.275625 3.275176e-01 1.188271e+00 -3.683381e-06
0.357433 4.498429e-01 1.258539e+00 -3.682666e-06
0.434673 5.793896e-01 1.332931e+00 -3.681780e-06
0.507604 7.165783e-01 1.411688e+00 -3.680671e-06
0.576467 8.618542e-01 1.495063e+00 -3.679280e-06
0.641490 1.015688e+00 1.583327e+00 -3.677532e-06
0.702889 1.178578e+00 1.676763e+00 -3.675335e-06
0.760867 1.351051e+00 1.775672e+00 -3.672574e-06
0.815617 1.533665e+00 1.880374e+00 -3.669107e-06
0.867318 1.727008e+00 1.991204e+00 -3.664755e-06
0.916143 1.931705e+00 2.108520e+00 -3.659297e-06
0.962251 2.148415e+00 2.232697e+00 -3.652459e-06
1.005795 2.377836e+00 2.364135e+00 -3.643902e-06
1.046919 2.620706e+00 2.503255e+00 -3.633207e-06
1.085758 2.877805e+00 2.650504e+00 -3.619863e-06
1.122439 3.149961e+00 2.806352e+00 -3.603243e-06
1.157084 3.438045e+00 2.971301e+00 -3.582594e-06
1.189806 3.742983e+00 3.145876e+00 -3.557011e-06
1.220712 4.065752e+00 3.330639e+00 -3.525426e-06
1.249905 4.407388e+00 3.526180e+00 -3.486598e-06
1.277478 4.768986e+00 3.733125e+00 -3.439116e-06
1.303523 5.151705e+00 3.952138e+00 -3.381421e-06
1.328126 5.556771e+00 4.183920e+00 -3.311852e-06
1.351365 5.985486e+00 4.429214e+00 -3.228733e-06
1.373318 6.439224e+00 4.688808e+00 -3.130502e-06
1.394055 6.919443e+00 4.963536e+00 -3.015889e-06
1.413645 7.427687e+00 5.254280e+00 -2.884132e-06
1.432151 7.965593e+00 5.561979e+00 -2.735207e-06
1.449633 8.534893e+00 5.887623e+00 -2.570032e-06
1.466149 9.137425e+00 6.232264e+00 -2.390600e-06
1.481751 9.775134e+00 6.597017e+00 -2.199981e-06
1.496490 1.045008e+01 6.983061e+00 -2.002163e-06
1.510415 1.116445e+01 7.391645e+00 -1.801741e-06
1.523570 1.192056e+01 7.824095e+00 -1.603484e-06
1.535998 1.272084e+01 8.281809e+00 -1.411892e-06
1.547739 1.356790e+01 8.766270e+00 -1.230802e-06
1.558832 1.446447e+01 9.279047e+00 -1.063131e-06
1.569311 1.541346e+01 9.821801e+00 -9.107663e-07
1.579211 1.641793e+01 1.039629e+01 -7.746027e-07
1.588565 1.748114e+01 1.100436e+01 -6.546835e-07
1.597401 1.860652e+01 1.164800e+01 -5.503930e-07
1.605749 1.979772e+01 1.232927e+01 -4.606618e-07
1.613636 2.105857e+01 1.305039e+01 -3.841505e-07
1.621087 2.239317e+01 1.381368e+01 -3.194000e-07
1.628126 2.380582e+01 1.462161e+01 -2.649418e-07
1.634777 2.530109e+01 1.547679e+01 -2.193734e-07
1.641059 2.688381e+01 1.638199e+01 -1.814028e-07
1.646995 2.855911e+01 1.734013e+01 -1.498712e-07
1.652603 3.033238e+01 1.835431e+01 -1.237598e-07
1.657901 3.220937e+01 1.942780e+01 -1.021864e-07
1.662906 3.419613e+01 2.056408e+01 -8.439591e-08
1.667634 3.629910e+01 2.176682e+01 -6.974820e-08
1.672102 3.852506e+01 2.303990e+01 -5.770421e-08
1.676322 4.088121e+01 2.438744e+01 -4.781269e-08
1.680309 4.337517e+01 2.581380e+01 -3.969754e-08
1.684076 4.601499e+01 2.732358e+01 -3.304637e-08
1.687635 4.880921e+01 2.892166e+01 -2.760047e-08
1.690997 5.176686e+01 3.061321e+01 -2.314603e-08
1.694174 5.489748e+01 3.240370e+01 -1.950670e-08
1.697174 5.821122e+01 3.429890e+01 -1.653716e-08
1.700009 6.171876e+01 3.630495e+01 -1.411788e-08
1.702688 6.543145e+01 3.842833e+01 -1.215055e-08
1.705218 6.936128e+01 4.067590e+01 -1.055443e-08
1.707609 7.352096e+01 4.305492e+01 -9.263232e-09
1.709867 7.792393e+01 4.557308e+01 -8.222550e-09
1.712001 8.258441e+01 4.823853e+01 -7.387763e-09
1.714017 8.751748e+01 5.105987e+01 -6.722281e-09
1.715921 9.273906e+01 5.404623e+01 -6.196117e-09
1.717720 9.826605e+01 5.720724e+01 -5.784696e-09
1.719420 1.041163e+02 6.055314e+01 -5.467891e-09
1.721026 1.103087e+02 6.409473e+01 -5.229219e-09
1.722543 1.168633e+02 6.784346e+01 -5.055187e-09
1.723976 1.238012e+02 7.181144e+01 -4.934752e-09
1.725330 1.311449e+02 7.601149e+01 -4.858884e-09
1.726610 1.389182e+02 8.045720e+01 -4.820198e-09
1.727818 1.471461e+02 8.516292e+01 -4.812663e-09
1.728960 1.558552e+02 9.014387e+01 -4.831354e-09
1.730039 1.650736e+02 9.541614e+01 -4.872255e-09
1.731058 1.748313e+02 1.009968e+02 -4.932097e-09
1.732021 1.851596e+02 1.069038e+02 -5.008220e-09
1.732930 1.960920e+02 1.131563e+02 -5.098468e-09
1.733790 2.076638e+02 1.197745e+02 -5.201094e-09
1.734601 2.199124e+02 1.267798e+02 -5.314693e-09
1.735368 2.328774e+02 1.341948e+02 -5.438133e-09
1.736093 2.466007e+02 1.420435e+02 -5.570515e-09
1.736778 2.611267e+02 1.503512e+02 -5.711124e-09
1.737424 2.765022e+02 1.591449e+02 -5.859402e-09
1.738035 2.927770e+02 1.684528e+02 -6.014919e-09
1.738613 3.100036e+02 1.783052e+02 -6.177348e-09
1.739158 3.282378e+02 1.887338e+02 -6.346451e-09
1.739673 3.475385e+02 1.997723e+02 -6.522061e-09
1.740160 3.679680e+02 2.114564e+02 -6.704071e-09
1.740620 3.895924e+02 2.238240e+02 -6.892425e-09
1.741054 4.124815e+02 2.369148e+02 -7.087108e-09
1.741465 4.367094e+02 2.507713e+02 -7.288141e-09
1.741852 4.623542e+02 2.654382e+02 -7.495574e-09
1.742219 4.894990e+02 2.809630e+02 -7.709483e-09
1.742565 5.182314e+02 2.973958e+02 -7.929965e-09
1.742892 5.486443e+02 3.147896e+02 -8.157137e-09
1.743201 5.808359e+02 3.332008e+02 -8.391132e-09
1.743493 6.149104e+02 3.526889e+02 -8.632098e-09
1.743768 6.509777e+02 3.733167e+02 -8.880196e-09
1.744029 6.891546e+02 3.951509e+02 -9.135597e-09
1.744275 7.295643e+02 4.182623e+02 -9.398487e-09
1.744507 7.723375e+02 4.427253e+02 -9.669058e-09
1.744727 8.176123e+02 4.686191e+02 -9.947513e-09
1.744934 8.655352e+02 4.960273e+02 -1.023407e-08
1.745130 9.162609e+02 5.250386e+02 -1.052894e-08
1.745316 9.699534e+02 5.557467e+02 -1.083236e-08
1.745491 1.026786e+03 5.882508e+02 -1.114457e-08
1.745656 1.086943e+03 6.226560e+02 -1.146581e-08
1.745812 1.150618e+03 6.590735e+02 -1.179634e-08
1.745960 1.218018e+03 6.976209e+02 -1.213642e-08
1.746099 1.289359e+03 7.384229e+02 -1.248633e-08
1.746231 1.364873e+03 7.816112e+02 -1.284634e-08
1.746355 1.444804e+03 8.273255e+02 -1.321674e-08
1.746473 1.529410e+03 8.757136e+02 -1.359784e-08
1.746584 1.618964e+03 9.269317e+02 -1.398993e-08
1.746689 1.713755e+03 9.811454e+02 -1.439333e-08
1.746722 1.746238e+03 9.997230e+02 -1.452899e-08
